Timestamp	Open	High	Low	Close	Volume (BTC)	Volume (Currency)	Weighted Price
2016-11-01 00:00:00	715	720.2	715	717	0.02	13.83	718.46
2016-11-02 00:00:00	717	717.5	712	716.5	0.09	62.76	715.56
2016-11-03 00:00:00	715	736	688.58	695.681	0.45	326.93	720.1
2016-11-04 00:00:00	695.681	700	686.3	687	0.11	78.11	693.62
2016-11-05 00:00:00	687	695	687	695	0.01	8.91	688.25
2016-11-06 00:00:00	689.99	697	689.99	697	0.01	7.98	694.46
2016-11-07 00:00:00	694	722.5	670.89	693.5	0.59	408.18	694.96
2016-11-08 00:00:00	694.7	706.779	691.25	699.7	0.65	455.94	697.28
2016-11-09 00:00:00	704	739.9	675	685	0.82	588.17	719.32
2016-11-10 00:00:00	701.311	718.26	701.311	715.69	3.53	2506.04	709.69
2016-11-11 00:00:00	705.86	715.86	705	708.729	8.21	5827.7	710.25
2016-11-12 00:00:00	705	714.86	704.56	705.86	0.88	616.82	704.89
2016-11-13 00:00:00	704.56	704.56	691	701.99	1.05	734.29	700.21
2016-11-14 00:00:00	700	703.99	693.23	695.23	0.44	305.22	696.42
2016-11-15 00:00:00	698.23	715.86	698.23	705.89	0.36	250.92	705.22
2016-11-16 00:00:00	703.814	728.69	703.814	725	2.56	1840.91	718.83
2016-11-17 00:00:00	727.69	734	718	728.69	26.82	19562.14	729.48
2016-11-18 00:00:00	727.356	741	727.356	738.493	7.07	5213.31	736.99
2016-11-19 00:00:00	738	738	738	738	0	3	738
2016-11-20 00:00:00	738	738	717.95	727	1.2	876.83	727.92
2016-11-21 00:00:00	727	739	727	737.63	6.43	4718.13	733.68
2016-11-22 00:00:00	737.5	744.999	736.2	736.25	2.16	1604	741.12
2016-11-23 00:00:00	737	745.248	735.25	745.248	2.96	2183.6	738.1
2016-11-24 00:00:00	741	743.23	735	737.36	1.42	1051.33	739.91
2016-11-25 00:00:00	735.9	739.59	733.5	736.63	2.27	1670.25	736.49
2016-11-26 00:00:00	733.345	735.37	730.497	735.37	0.04	29.29	732.02
2016-11-27 00:00:00	735.99	736.92	729.9	731	0.86	626.58	732.61
2016-11-28 00:00:00	733	733.99	727	733.99	2.27	1656.85	731.41
2016-11-29 00:00:00	733.99	735.3	728.26	730	1.99	1460.43	732.38
2016-11-30 00:00:00	734.9	737.99	731	736.31	4.09	3011.02	735.4
2016-12-01 00:00:00	738.1	745.248	735.789	744.6	6.63	4906.9	740.21
2016-12-02 00:00:00	745.248	770	745.248	765.74	5.15	3905.13	758.57
2016-12-03 00:00:00	765.74	765.74	753.1	761.25	1.47	1110.19	755.51
2016-12-04 00:00:00	766	769	757.63	764.14	0.53	406.22	761.65
2016-12-05 00:00:00	765.99	769	743.001	753.3	1.52	1138.96	751.52
2016-12-06 00:00:00	751.99	755.899	750	754	5.58	4200.46	753.38
2016-12-07 00:00:00	753	761.02	750.01	760.8	31.8	24033.84	755.67
2016-12-08 00:00:00	755.87	763.25	755.072	762.205	18.68	14182.41	759.34
2016-12-09 00:00:00	758.8	767.59	758.8	762.1	18.71	14259.49	762.29
2016-12-10 00:00:00	764.602	768.36	764.504	766.61	1.02	780.81	764.9
2016-12-11 00:00:00	769	769	759.05	759.5	1.27	963.76	759.97
2016-12-12 00:00:00	761.6	770.95	760.89	766	6.44	4934.66	766.32
2016-12-13 00:00:00	766.62	771.69	764.5	771.69	1.34	1028.34	768
2016-12-14 00:00:00	770.91	771.02	765	771	5.5	4225.48	768.6
2016-12-15 00:00:00	769.03	775	765	770.53	7.28	5603.9	770.17
2016-12-16 00:00:00	772	773.99	769.94	771.1	5.41	4172.76	771.92
2016-12-17 00:00:00	773.1	777.8	773.05	776.01	1.41	1096.79	775.31
2016-12-18 00:00:00	778.12	781.2	778.12	779.443	1.13	877.8	779.78
2016-12-19 00:00:00	780.003	781.75	775.6	778.5	18.86	14703.35	779.7
2016-12-20 00:00:00	779.1	785	777.4	783	20.25	15814.8	780.86
2016-12-21 00:00:00	785.99	822	785.99	822	18.34	14656.56	799.34
2016-12-22 00:00:00	822	859.45	746	844.5	10.33	8685.89	840.56
2016-12-23 00:00:00	854.96	890.55	854.96	885	4.7	4162.29	885.83
2016-12-24 00:00:00	885	891	865.26	878.2	0.33	292.74	874.1
2016-12-25 00:00:00	870.2	870.2	828.6	863.11	2.41	1999.55	831.33
2016-12-26 00:00:00	870.14	889.2	865.1	879.59	14.45	12677.09	877.08
2016-12-27 00:00:00	878.3	915	877.89	908.15	2.65	2385.37	899.55
2016-12-28 00:00:00	913.89	933.25	913.89	932.1	1.19	1104.18	924.21
2016-12-29 00:00:00	934.25	942.95	931.25	933.25	2.35	2211.75	939.25
2016-12-30 00:00:00	933.25	935.11	911.25	935.11	0.45	415.32	922.49
2016-12-31 00:00:00	928.96	928.96	921.78	925.32	0.04	37.07	925.41
2017-01-01 00:00:00	929.15	964.5	920.44	964.5	0.55	518.27	949.63
2017-01-02 00:00:00	966.78	990.11	966.78	985	0.12	114.21	982.02
2017-01-03 00:00:00	985.89	992.05	977	985	0.31	308.51	982.7
2017-01-04 00:00:00	992.05	1072.36	992.05	1072.36	1.58	1598.35	1009.98
2017-01-05 00:00:00	1074.58	1089.44	908.25	941	9.06	8572.91	945.93
2017-01-06 00:00:00	944.85	946.22	839.36	851.52	4.77	4379.32	917.93
2017-01-07 00:00:00	851.25	851.25	789.48	842.28	0.6	503.69	839.55
2017-01-08 00:00:00	848.14	888	848.14	865.56	0.28	245.94	868.87
2017-01-09 00:00:00	864.25	870.15	849.95	864.5	4.75	4084.66	859.14
2017-01-10 00:00:00	864.22	875.15	860	875.15	4.24	3673.72	865.74
2017-01-11 00:00:00	875.15	884.69	760.36	780	27.1	22288.71	822.47
2017-01-12 00:00:00	772.45	812.59	750	803	9.33	7095.56	760.14
2017-01-13 00:00:00	800	817.55	772.59	815.55	20.98	16617.46	792.03
2017-01-14 00:00:00	815	819	808	809	8.07	6595.22	817.4
2017-01-15 00:00:00	814	819	809	809	1.37	1115.09	813.81
2017-01-16 00:00:00	815.95	820.88	811.45	815.52	25.79	21058.6	816.45
2017-01-17 00:00:00	820.125	897.258	820.125	895.25	11.7	10195.38	871.26
2017-01-18 00:00:00	888	889.36	850.36	862.36	8.02	7071.75	881.8
2017-01-19 00:00:00	864.36	888.69	864.36	888.69	12.95	11377.55	878.36
2017-01-20 00:00:00	888.69	888.69	875	885.36	9.22	8107.49	879.68
2017-01-21 00:00:00	886.36	913.85	886.36	910	0.04	39.43	901.71
2017-01-22 00:00:00	910	913.85	885	905.58	0.97	875.08	900.16
2017-01-23 00:00:00	905.58	913.25	901.25	909.36	7.16	6496.86	907.15
2017-01-24 00:00:00	908.36	913.85	454.263	904.7	10.86	9288.69	855.68
2017-01-25 00:00:00	900	900	876.589	888.052	5.7	5052.99	887.04
2017-01-26 00:00:00	888.229	1015.511	788.59	909.274	9.92	8917.38	899.13
2017-01-27 00:00:00	909.013	920	901.334	912.85	9.79	8912.75	910.14
2017-01-28 00:00:00	912.85	919.36	905.45	913.993	17.32	15843.49	914.56
2017-01-29 00:00:00	913.993	918.385	907.341	910.425	20.8	19008.48	914.07
2017-01-30 00:00:00	910.425	915.4	906.605	913.41	33.5	30548.28	911.94
2017-01-31 00:00:00	914.524	965.15	912.166	959.398	29.48	27545.95	934.26
2017-02-01 00:00:00	959.398	981.07	950.623	978.085	52.52	50661.03	964.63
2017-02-02 00:00:00	978.085	1004.95	965.099	1002.957	52.12	51341.12	985.03
2017-02-03 00:00:00	1002.957	1017.885	984.087	1009.968	67.07	67375.63	1004.61
2017-02-04 00:00:00	1009.968	1034.8	997.229	1027.785	33.37	33792.44	1012.64
2017-02-05 00:00:00	1027.785	1028.83	994.005	1004.95	27.61	28005.57	1014.35
2017-02-06 00:00:00	1003.53	1019.875	1002.264	1016.094	39.15	39682	1013.71
2017-02-07 00:00:00	1016.094	1050.018	1015.497	1046.74	52.18	54150.51	1037.77
2017-02-08 00:00:00	1046.74	1063.725	1009.925	1045.735	44.91	46933.83	1044.96
2017-02-09 00:00:00	1045.735	1072.145	895.5	982.065	58.4	58799.01	1006.83
2017-02-10 00:00:00	981.07	999.965	897.622	990.315	49.01	47450.99	968.25
2017-02-11 00:00:00	990.315	1004.95	979.535	996.492	31.77	31625.69	995.55
2017-02-12 00:00:00	996.492	999.975	988.999	991.518	25.42	25252.2	993.55
2017-02-13 00:00:00	991.518	999.179	971.12	991.653	39.32	38921.43	989.91
2017-02-14 00:00:00	991.653	1013.696	985.045	1006.159	8.61	8611.88	1000.53
2017-02-15 00:00:00	1006.721	1015.443	997.066	1013.782	13.02	13132.09	1008.45
2017-02-16 00:00:00	1012.744	1043.688	1008.861	1037.345	21.08	21690.57	1028.95
2017-02-17 00:00:00	1033.142	1054.69	1025.298	1044.769	20.32	21149.15	1040.88
2017-02-18 00:00:00	1044.769	1061.347	1040.725	1050.559	7.64	8064.78	1055.38
2017-02-19 00:00:00	1048.404	1057.439	1035.185	1049.326	7.19	7522.41	1046.05
2017-02-20 00:00:00	1048.408	1079.994	1032.228	1079.539	37.24	39351.58	1056.69
2017-02-21 00:00:00	1079.539	1123.403	1072.639	1119.759	63.21	69007.1	1091.7
2017-02-22 00:00:00	1119.759	1129.534	1098.056	1115.297	37.02	41360.2	1117.21
2017-02-23 00:00:00	1117.132	1185.238	1112.203	1173.85	55.9	63919.53	1143.5
2017-02-24 00:00:00	1176.274	1215.126	1100.435	1177.662	119.04	138868.66	1166.54
2017-02-25 00:00:00	1176.996	1180.109	1117.86	1142.021	44.2	50799.61	1149.38
2017-02-26 00:00:00	1142.021	1179.034	1125.303	1169.118	22.37	25888.17	1157.4
2017-02-27 00:00:00	1169.118	1189.012	1161.44	1182.02	29.58	34772.58	1175.71
2017-02-28 00:00:00	1186.366	1198.223	1169.053	1174.083	52.51	62010.53	1180.9
2017-03-01 00:00:00	1177.298	1222.792	1172.983	1216.586	37.5	44879.71	1196.73
2017-03-02 00:00:00	1216.586	1267.152	1202.996	1246.306	49.65	61359.11	1235.94
2017-03-03 00:00:00	1245.072	1283.652	1241.17	1276.475	35.67	45082.71	1264.04
2017-03-04 00:00:00	1274.261	1280.18	1224.048	1255.964	28.65	35877.68	1252.45
2017-03-05 00:00:00	1255.964	1269.362	1230.743	1268.458	19.11	23949.49	1252.99
2017-03-06 00:00:00	1267.703	1274.545	1257.433	1267.773	42.42	53794.31	1268.1
2017-03-07 00:00:00	1263.664	1270.607	1159.659	1223.523	85.22	103808.41	1218.11
2017-03-08 00:00:00	1223.832	1233.463	1135.715	1137.042	58.61	68976.35	1176.89
2017-03-09 00:00:00	1136.148	1199.087	1126.273	1183.114	44.41	51850.16	1167.49
2017-03-10 00:00:00	1183.114	1352.01	998.293	1100.491	198.79	226282.45	1138.28
2017-03-11 00:00:00	1100.491	1189.707	1095.668	1164.837	66.13	76391.51	1155.18
2017-03-12 00:00:00	1163.098	1220.504	1155.435	1214.445	47.84	56821.46	1187.69
2017-03-13 00:00:00	1212.655	1244.677	1159.486	1233.791	82.71	100860.37	1219.37
2017-03-14 00:00:00	1232.085	1254.246	1215.618	1244.567	36.07	44585.71	1236.25
2017-03-15 00:00:00	1240.657	1263.413	1237.399	1257.669	36.93	46005.24	1245.72
2017-03-16 00:00:00	1253.21	1260.681	1122.262	1173.683	131.18	156582.2	1193.63
2017-03-17 00:00:00	1163.709	1167.754	1050.443	1073.022	178.15	197768.63	1110.12
2017-03-18 00:00:00	1073.022	1092.681	935.275	964.399	198.39	199617	1006.19
2017-03-19 00:00:00	964.978	1059.94	964.978	1016.905	122.12	123367.11	1010.2
2017-03-20 00:00:00	1016.904	1057.522	1009.222	1040.158	57.58	59675.8	1036.4
2017-03-21 00:00:00	1040.158	1126.369	1037.78	1118.345	92.53	100934.43	1090.79
2017-03-22 00:00:00	1118.345	1121.354	990.804	1036.594	115.71	120979.72	1045.58
2017-03-23 00:00:00	1042.618	1059.449	1006.503	1034.167	50.43	52482.77	1040.63
2017-03-24 00:00:00	1034.996	1040.512	931.931	942.141	156.6	153949.32	983.06
2017-03-25 00:00:00	942.141	980.51	900.9	972.972	145.16	135921.73	936.36
2017-03-26 00:00:00	972.972	1008.831	951.951	962.007	77.99	76236.27	977.48
2017-03-27 00:00:00	964.319	1047.046	958.969	1041.89	85.74	86925.51	1013.79
2017-03-28 00:00:00	1044.043	1067.066	1017.016	1043.442	65.07	68001.93	1045
2017-03-29 00:00:00	1043.442	1059.028	1017.808	1042.041	45.95	47673.98	1037.47
2017-03-30 00:00:00	1042.041	1053.052	1023.022	1041.318	63.01	65295.87	1036.25
2017-03-31 00:00:00	1041.318	1093.65	1041.318	1082.631	88.5	93871.29	1060.65
2017-04-01 00:00:00	1082.444	1100.099	1071.069	1096.262	43.87	47631.04	1085.74
2017-04-02 00:00:00	1096.095	1141.14	1078.319	1108.906	139.33	153297.59	1100.24
2017-04-03 00:00:00	1108.906	1162.161	1102.111	1151.15	130.28	148489.32	1139.78
2017-04-04 00:00:00	1151.15	1164.63	1125.124	1143.915	79.43	90988.31	1145.51
2017-04-05 00:00:00	1143.915	1149.034	1115.078	1140.498	79.65	89968.45	1129.58
2017-04-06 00:00:00	1138.403	1221.22	1138.316	1196.585	111.19	131350.38	1181.27
2017-04-07 00:00:00	1195.31	1215.214	1179.078	1196.635	67.15	80239.75	1194.96
2017-04-08 00:00:00	1196.635	1208.848	1174.173	1190.879	43.82	52220.81	1191.62
2017-04-09 00:00:00	1190.879	1230.14	1181.611	1216.866	50.03	60377.72	1206.83
2017-04-10 00:00:00	1216.866	1230.199	1207.706	1220.719	33.47	40816.58	1219.45
2017-04-11 00:00:00	1220.719	1245.244	1207.531	1233.632	31.44	38577.14	1226.85
2017-04-12 00:00:00	1236.547	1239.238	1222.221	1228.227	43.76	53827.53	1230.06
2017-04-13 00:00:00	1228.227	1241.24	1167.666	1185.184	44.68	53829.99	1204.86
2017-04-14 00:00:00	1185.184	1219.718	1185.174	1208.713	41.18	49591.68	1204.31
2017-04-15 00:00:00	1208.713	1218.911	1190.64	1194.982	27.96	33767.19	1207.9
2017-04-16 00:00:00	1195.703	1218.217	1192.127	1213.712	21.44	25939.7	1209.62
2017-04-17 00:00:00	1213.712	1241.727	1206.706	1241.24	52.75	64672.57	1225.98
2017-04-18 00:00:00	1241.24	1280.579	1237.737	1269.316	62.92	79377.69	1261.64
2017-04-19 00:00:00	1269.316	1291.163	1258.257	1264.542	43.59	55248.27	1267.49
2017-04-20 00:00:00	1264.726	1326.096	1261.26	1306.856	44.06	56640.49	1285.43
2017-04-21 00:00:00	1307.096	1335.835	1307.096	1329.328	43.78	57783.08	1319.87
2017-04-22 00:00:00	1329.328	1333.662	1294.452	1316.549	34.9	45884.38	1314.82
2017-04-23 00:00:00	1313.396	1313.396	1270.067	1284.174	24.49	31346	1279.78
2017-04-24 00:00:00	1284.174	1289.713	1259.002	1280.029	43.14	55023.97	1275.62
2017-04-25 00:00:00	1279.52	1311	1275.745	1304.89	35.18	45436.46	1291.6
2017-04-26 00:00:00	1304.331	1342.284	1296.75	1330.95	51.03	67444.1	1321.58
2017-04-27 00:00:00	1328.25	1376.444	1323.442	1367.412	58.37	78803.46	1349.97
2017-04-28 00:00:00	1369.425	1377.5	1301.5	1342.635	67.45	90035.09	1334.79
2017-04-29 00:00:00	1342.635	1353	1325.534	1332.029	55.97	75179.13	1343.21
2017-04-30 00:00:00	1331.574	1348.177	1312.74	1342.295	52.6	69964.71	1330.07
2017-05-01 00:00:00	1341.809	1468.885	1337.425	1429.091	93.92	131581.97	1401.07
2017-05-02 00:00:00	1429.091	1497.964	1415.815	1459.683	60.81	88572.49	1456.66
2017-05-03 00:00:00	1459.683	1500.758	1446.538	1500.758	42.89	62920.24	1466.9
2017-05-04 00:00:00	1500.029	1552.1	1425.875	1498.805	70.13	106290.6	1515.56
2017-05-05 00:00:00	1499.645	1552.1	1415	1440.222	84.15	127599.78	1516.41
2017-05-06 00:00:00	1443.64	1518.066	1412.889	1492.47	117.6	173655.97	1476.67
2017-05-07 00:00:00	1492.47	1559.25	1467.631	1536.57	132.93	198940.47	1496.57
2017-05-08 00:00:00	1535.152	1615.449	1535.152	1600.036	91.16	144679.29	1587.13
2017-05-09 00:00:00	1600.036	1774.47	1600.036	1716.96	61.76	106485.66	1724.1
2017-05-10 00:00:00	1727.25	1752.729	1622	1735.807	101.99	174975.13	1715.63
2017-05-11 00:00:00	1735.807	1833.971	1699.547	1790.267	94.36	168327.32	1783.91
2017-05-12 00:00:00	1795	1827.426	1679.425	1712.915	79.52	139415.95	1753.2
2017-05-13 00:00:00	1708.176	1833.21	1627.23	1794.876	73.79	126726.44	1717.42
2017-05-14 00:00:00	1797.625	1820.28	1750.453	1790.311	60.45	108191.83	1789.81
2017-05-15 00:00:00	1790.311	1805	1695.284	1744.654	79.05	137040.94	1733.65
2017-05-16 00:00:00	1749.708	1775	1699.125	1765.415	87.13	151431.86	1738.07
2017-05-17 00:00:00	1759.407	1867.56	1728.075	1844.053	108.52	197477.59	1819.69
2017-05-18 00:00:00	1841.95	1950	1824.516	1909.915	68.1	127072.93	1865.92
2017-05-19 00:00:00	1910.058	1950	1870.05	1930.6	53.64	103670.86	1932.61
2017-05-20 00:00:00	1937.495	2038.95	1898.361	2038.95	37.03	72952.11	1969.86
2017-05-21 00:00:00	2038.95	2068.5	1965.075	2002.604	73.1	147605.02	2019.33
2017-05-22 00:00:00	2010	2223.504	2010	2061.926	62.84	133369.99	2122.45
2017-05-23 00:00:00	2092.905	2225.011	2092.905	2219.781	32.48	70749.92	2178.29
2017-05-24 00:00:00	2225.074	2435.76	2211.111	2364.12	62.95	144804.66	2300.42
2017-05-25 00:00:00	2364.12	2755.04	2106.181	2243.15	155.62	375907.34	2415.55
2017-05-26 00:00:00	2243.15	2517.728	1960.98	2162.79	219.58	492561.33	2243.17
2017-05-27 00:00:00	2167.532	2223.865	1563.709	1994.492	341.81	658760.49	1927.27
2017-05-28 00:00:00	1994.492	2228.94	1903.429	2085.421	192.81	400527.7	2077.35
2017-05-29 00:00:00	2087.957	2276.645	1800	2193.98	102.41	219528.16	2143.68
2017-05-30 00:00:00	2193.9	2300	2091.003	2142.668	60.21	132593.81	2202.2
2017-05-31 00:00:00	2139.999	2258.493	2105.008	2212.263	41.96	91705.17	2185.63
2017-06-01 00:00:00	2215.999	2378.001	2210.001	2322.469	63.68	147865.53	2321.98
2017-06-02 00:00:00	2316	2427.498	2300.102	2427	35.43	83371.85	2352.89
2017-06-03 00:00:00	2423	2494.302	2360.861	2467.166	39.35	95835.62	2435.29
2017-06-04 00:00:00	2475.393	2504.9	2409.991	2460.032	38.07	94153.75	2473.24
2017-06-05 00:00:00	2469.499	2637	2469.499	2637	44.69	113989.06	2550.81
2017-06-06 00:00:00	2637	2846.999	2617.491	2757.112	95.44	259797.52	2722.15
2017-06-07 00:00:00	2758	2774.5	2583.347	2641.999	46.36	124926.86	2694.8
2017-06-08 00:00:00	2641.999	2718.199	2586.001	2718.199	40.18	106773.37	2657.61
2017-06-09 00:00:00	2715.101	2761.5	2685.1	2731.699	33.62	91653.39	2726.2
2017-06-10 00:00:00	2725	2854.999	2721.374	2818.726	43.04	120172.52	2791.94
2017-06-11 00:00:00	2818.726	2885.999	2790.001	2861.001	43.97	124589.6	2833.42
2017-06-12 00:00:00	2865.978	2889.002	2410	2607.948	99.39	266578.62	2682.06
2017-06-13 00:00:00	2607.948	2725.379	2600.442	2675.374	45.69	122386.21	2678.37
2017-06-14 00:00:00	2675.374	2725	2388.7	2501.999	73.46	190483.8	2592.89
2017-06-15 00:00:00	2501.999	2515.513	2255	2479.286	111.39	266893.25	2395.94
2017-06-16 00:00:00	2474.783	2511.89	2402.393	2481.591	46.79	115410.76	2466.52
2017-06-17 00:00:00	2471.871	2584.88	2425.392	2559.4	61.14	154225.76	2522.63
2017-06-18 00:00:00	2557.051	2566.195	2410.011	2471.095	47.94	118973.88	2481.9
2017-06-19 00:00:00	2471.095	2530.051	2457.33	2518.336	50.82	126998.41	2499.03
2017-06-20 00:00:00	2518.5	2730.307	2518.5	2683.551	62.57	164279.53	2625.59
2017-06-21 00:00:00	2683.551	2738.339	2616.803	2646.003	59.51	158359.58	2661.01
2017-06-22 00:00:00	2646.003	2688.203	2601.996	2674.449	38.93	103454.79	2657.59
2017-06-23 00:00:00	2674.449	2696.602	2648.101	2655.007	25.87	69133.36	2672.58
2017-06-24 00:00:00	2655.007	2679.287	2514.521	2557.667	44.83	116528.62	2599.47
2017-06-25 00:00:00	2556.971	2632.793	2490	2539.536	40.25	103271.99	2565.49
2017-06-26 00:00:00	2540.1	2560	2322	2421.822	70.04	170764.25	2438.11
2017-06-27 00:00:00	2421.822	2491	2316	2491	57.23	137194.98	2397.36
2017-06-28 00:00:00	2491	2525	2421.15	2503.643	40.42	100047.9	2475.39
2017-06-29 00:00:00	2503.643	2518.02	2450	2483.893	26.47	65828.17	2487.2
2017-06-30 00:00:00	2483.893	2492.998	2385.162	2404.238	25.52	62741.42	2458.95
2017-07-01 00:00:00	2416.493	2476.52	2352	2370	24.81	60078.86	2421.81
2017-07-02 00:00:00	2369.999	2438.818	2328.756	2422.56	21.37	50985.92	2385.83
2017-07-03 00:00:00	2422.56	2549.819	2398.44	2476.25	29.58	73474.57	2483.74
2017-07-04 00:00:00	2476.25	2549.999	2476.248	2516.575	45	113361.42	2518.9
2017-07-05 00:00:00	2503.879	2533.425	2460.001	2505.22	33.05	82654.06	2501.08
2017-07-06 00:00:00	2506.01	2543.988	2502.001	2539.399	27.35	69082.39	2525.88
2017-07-07 00:00:00	2539.399	2545.892	2421.101	2484.899	34.6	85841.06	2480.64
2017-07-08 00:00:00	2484.899	2528	2400	2508.2	24.42	60687.73	2485.3
2017-07-09 00:00:00	2508.2	2529.899	2470	2470	14.97	37430.65	2500.68
2017-07-10 00:00:00	2470	2499.947	2285.192	2338	54.77	131389.38	2398.82
2017-07-11 00:00:00	2338	2380.665	2249.492	2294.652	63.4	147425.73	2325.27
2017-07-12 00:00:00	2292.629	2374.493	2240.014	2338.024	45.87	106131.37	2313.53
2017-07-13 00:00:00	2338.024	2374.999	2240.014	2296.994	34.89	81174.23	2326.79
2017-07-14 00:00:00	2296.994	2319.02	2109	2175.125	56.06	123860.8	2209.46
2017-07-15 00:00:00	2171	2175.998	1975	1975	50.32	102697.18	2040.96
2017-07-16 00:00:00	1975	2031.664	1812.001	1903.173	84.84	162394.22	1914.02
2017-07-17 00:00:00	1903.173	2170.748	1895	2155.999	69.72	142947.79	2050.34
2017-07-18 00:00:00	2150.11	2292.852	2110	2235.6	73.02	162136.36	2220.36
2017-07-19 00:00:00	2235.189	2314.997	2190.102	2235.001	51.07	115408.55	2259.61
2017-07-20 00:00:00	2235.001	2741.53	2235.001	2700	107.07	266002.17	2484.31
2017-07-21 00:00:00	2700	2727.85	2528.39	2574.002	60.59	157343.27	2597.04
2017-07-22 00:00:00	2574.002	2739.499	2574.002	2680	40.25	107410.84	2668.34
2017-07-23 00:00:00	2680	2699.01	2550	2613.998	33.93	89034.56	2623.88
2017-07-24 00:00:00	2613.998	2675.064	2598.699	2661.716	31.51	83235.18	2641.43
2017-07-25 00:00:00	2661.716	2688.888	2430	2470.4	112.26	285692.94	2544.99
2017-07-26 00:00:00	2470.4	2560	2408	2514.5	104.32	259298.19	2485.63
2017-07-27 00:00:00	2514.5	2682	2513.6	2663.1	145.41	374475.94	2575.27
2017-07-28 00:00:00	2664.6	2814.9	2657.4	2786.7	184.57	506195.37	2742.55
2017-07-29 00:00:00	2786.7	2794	2662.5	2717.3	143.15	389254.03	2719.15
2017-07-30 00:00:00	2717.3	2758.4	2595	2748.9	158.7	426358.22	2686.64
2017-07-31 00:00:00	2748.9	2882.9	2696	2854.1	128.44	357483.46	2783.2
2017-08-01 00:00:00	2854.1	2882.6	2613.2	2722.8	199.09	547886.37	2751.9
2017-08-02 00:00:00	2722.8	2757.1	2617.9	2702.4	105.91	286472.93	2704.98
2017-08-03 00:00:00	2700.6	2819	2700	2790.3	110.2	303279.9	2751.99
2017-08-04 00:00:00	2790.3	2874.8	2763.3	2860	128.57	364067.73	2831.62
2017-08-05 00:00:00	2860	3332.3	2857.9	3254.9	193.71	605182.87	3124.2
2017-08-06 00:00:00	3255	3307	3159	3228	113.44	367507.06	3239.7
2017-08-07 00:00:00	3228	3408.5	3195.5	3394.8	120.59	399715.36	3314.57
2017-08-08 00:00:00	3394.8	3481.9	3330	3414	181.06	618726.02	3417.24
2017-08-09 00:00:00	3414	3426.9	3236.2	3338.1	156.91	523573.82	3336.69
2017-08-10 00:00:00	3338.1	3446.4	3310	3403.9	133.54	453658.26	3397.26
2017-08-11 00:00:00	3404.9	3693.8	3380	3643.2	145.12	510335.14	3516.57
2017-08-12 00:00:00	3643.2	3915	3590.2	3866.2	251.98	952929.65	3781.76
2017-08-13 00:00:00	3866.2	4174.9	3834.3	4058.1	239.95	960372.04	4002.3
2017-08-14 00:00:00	4058.1	4329.7	3969.6	4320.9	242.34	1017624.1	4199.14
2017-08-15 00:00:00	4320.9	4363.6	3833.7	4151.9	377.06	1536464.85	4074.85
2017-08-16 00:00:00	4151.9	4369.9	3880	4345.1	180.47	743464.04	4119.63
2017-08-17 00:00:00	4345.1	4491	4170.3	4262.9	243.77	1059328.74	4345.6
2017-08-18 00:00:00	4262.9	4359.9	3955	4090.3	321.3	1339943.25	4170.37
2017-08-19 00:00:00	4090.3	4186.7	3907.2	4078.4	255.87	1035048.85	4045.2
2017-08-20 00:00:00	4079.5	4195.4	3992.3	4063.2	145.41	598019.02	4112.71
2017-08-21 00:00:00	4065.1	4093.5	3955.2	3997.1	187.01	752218.88	4022.29
2017-08-22 00:00:00	3999.9	4140	3739	4080.1	264.34	1042212.55	3942.74
2017-08-23 00:00:00	4080.1	4254.8	4048.1	4131.8	197.49	819059.7	4147.32
2017-08-24 00:00:00	4134.6	4377.6	4090.7	4325	146.75	618977.04	4217.99
2017-08-25 00:00:00	4322.2	4462	4260	4351	169.17	737107.15	4357.31
2017-08-26 00:00:00	4349.9	4364	4240.8	4341.1	113.66	488826.05	4300.89
2017-08-27 00:00:00	4340.2	4406.4	4305	4335.2	85.87	373163.56	4345.66
2017-08-28 00:00:00	4333.8	4387.8	4197.1	4385	101.05	434184.38	4296.8
2017-08-29 00:00:00	4385	4647.7	4336.3	4586.6	161.94	728010.52	4495.58
2017-08-30 00:00:00	4586.6	4642.5	4496	4568	105.88	484515.97	4576.29
2017-08-31 00:00:00	4568	4749.9	4567	4718.3	124.66	582387.56	4671.77
2017-09-01 00:00:00	4718.3	4912	4660.1	4912	183.48	878903.75	4790.21
2017-09-02 00:00:00	4907.7	4969.9	4436.7	4533.6	143.61	676603.24	4711.39
2017-09-03 00:00:00	4532.6	4699.9	4331.1	4598.1	223.76	1015734.35	4539.36
2017-09-04 00:00:00	4598.1	4607.4	4052.2	4204.3	401.54	1718249.28	4279.11
2017-09-05 00:00:00	4204.3	4448	3918	4413	374.04	1557058.18	4162.86
2017-09-06 00:00:00	4413	4599	4366.9	4593.5	108.36	489415.19	4516.68
2017-09-07 00:00:00	4591.7	4674.9	4524.7	4613.5	107.29	495125.69	4615.03
2017-09-08 00:00:00	4612.2	4686.4	4105.1	4304.9	419.44	1830494.51	4364.14
2017-09-09 00:00:00	4304.9	4385.7	4155.3	4315.5	220.63	943768.84	4277.65
2017-09-10 00:00:00	4315.5	4327.3	3975.1	4233.9	302.07	1254819.72	4154.12
2017-09-11 00:00:00	4233.9	4375.2	4122.8	4198.8	195.65	825550.98	4219.61
2017-09-12 00:00:00	4200.5	4369.9	4051.3	4149.2	251.96	1063793.07	4222.1
2017-09-13 00:00:00	4155.085	4160	3783.1	3849.7	230.19	899957.37	3909.68
2017-09-14 00:00:00	3854.1	3950.477	3259.9	3335.6	778.8	2757196.02	3540.32
2017-09-15 00:00:00	3622.8	3950.477	2970	3697.1	949.4	3206189.87	3377.07
2017-09-16 00:00:00	3698	3950.477	3511.1	3680.5	455.25	1674753.59	3678.75
2017-09-17 00:00:00	3679.6	3757.2	3469.8	3666.6	189.12	682872.85	3610.89
2017-09-18 00:00:00	3667.4	4102	3667.4	4084.1	360.41	1421767.11	3944.89
2017-09-19 00:00:00	4085	4111.3	3837.9	3892.2	312.53	1235468.61	3953.1
2017-09-20 00:00:00	3891.2	4043.6	3829.9	3872	278.95	1102193.57	3951.25
2017-09-21 00:00:00	3874.8	3904.8	3560	3597.8	599.49	2224379.09	3710.47
2017-09-22 00:00:00	3596.7	3739.8	3491	3602.3	746.04	2683759.86	3597.36
2017-09-23 00:00:00	3602.3	3863.835	3556.2	3778.8	310.92	1148949.29	3695.36
2017-09-24 00:00:00	3778.8	3783	3616.1	3659.5	457.14	1684859.24	3685.66
2017-09-25 00:00:00	3659.5	3969.9	3658.9	3930	294.52	1129016.54	3833.45
2017-09-26 00:00:00	3930	3983.8	3846.8	3881.5	261.79	1026598.04	3921.39
2017-09-27 00:00:00	3876.7	4228.3	3876.7	4209	319.31	1296300.9	4059.64
2017-09-28 00:00:00	4207.5	4270	4125.1	4190	268.29	1125783.63	4196.21
2017-09-29 00:00:00	4187	4244.3	4024.5	4168	281.64	1167179.52	4144.15
2017-09-30 00:00:00	4168.9	4394.2	4160	4367.5	198.11	856030.24	4321.05
2017-10-01 00:00:00	4367.5	4421.9	4252.9	4403.7	238.54	1033141.49	4331.13
2017-10-02 00:00:00	4403.7	4482	4359.7	4400.2	263.02	1162386.84	4419.32
2017-10-03 00:00:00	4399.3	4435.3	4212.6	4311.1	239.02	1029731.29	4308.22
2017-10-04 00:00:00	4311.1	4354	4176.8	4215.5	207.71	882989.52	4251.02
2017-10-05 00:00:00	4214.4	4364.5	4134.5	4312.1	203.2	867824.49	4270.82
2017-10-06 00:00:00	4312.1	4425.7	4294	4370	232.02	1012844.78	4365.29
2017-10-07 00:00:00	4371.6	4476.4	4314.7	4436.8	179.55	783127.87	4361.63
2017-10-08 00:00:00	4436.8	4628.4	4417.5	4611.8	245.9	1113035.24	4526.29
2017-10-09 00:00:00	4611.8	4876	4553.4	4782.2	293.43	1375501.03	4687.73
2017-10-10 00:00:00	4782.2	4939	4717	4776.9	331.03	1599944.06	4833.18
2017-10-11 00:00:00	4776.9	4879.9	4715	4824.9	214.89	1033013.41	4807.1
2017-10-12 00:00:00	4824.9	5444.9	4815.1	5440	374.77	1939370.43	5174.82
2017-10-13 00:00:00	5439.2	5805.9	5380	5636.8	263.89	1483107.3	5620.12
2017-10-14 00:00:00	5636.8	5857	5565	5834.5	270.25	1541609.94	5704.4
2017-10-15 00:00:00	5834.5	5876.1	5451	5713.4	386.2	2170849.72	5621.08
2017-10-16 00:00:00	5712.1	5808.5	5574.9	5764.4	301.25	1710821.27	5679.05
2017-10-17 00:00:00	5768.1	5821.4	5511	5597.4	308.04	1729961.03	5616.03
2017-10-18 00:00:00	5597.4	5597.7	5142	5567.6	253.44	1365133.99	5386.47
2017-10-19 00:00:00	5571.9	5735	5506.1	5693.9	226.92	1281993.95	5649.54
2017-10-20 00:00:00	5694	6081.1	5603.5	5984.8	295.72	1737588.61	5875.69
2017-10-21 00:00:00	5985	6185.8	5932.8	6007	307.47	1866218.47	6069.65
2017-10-22 00:00:00	6005.5	6069.6	5718.3	5982.7	379.42	2236343.57	5894.13
2017-10-23 00:00:00	5982.7	6051	5657.8	5907	422.25	2473288.58	5857.46
2017-10-24 00:00:00	5907	5907	5457.6	5509.5	431.32	2441204.47	5659.82
2017-10-25 00:00:00	5510	5745.2	5366	5724.1	299.72	1659011.94	5535.19
2017-10-26 00:00:00	5724.1	5966	5676.3	5902.9	232.89	1353340.17	5811.19
2017-10-27 00:00:00	5904.5	6011.8	5687.9	5759	139.9	815236.16	5827.26
2017-10-28 00:00:00	5762.8	5863.9	5519.7	5720.2	128.85	738084.22	5728.42
2017-10-29 00:00:00	5717.8	6339	5662.7	6153	209.89	1253258.61	5971.01
2017-10-30 00:00:00	6153	6238.9	6010	6128.2	155.76	955145.22	6132.06
2017-10-31 00:00:00	6129.9	6479.9	6082.5	6452.3	162.93	1024695.69	6289.27
2017-11-01 00:00:00	6455	6666	6346	6666	229.01	1489829.05	6505.41
2017-11-02 00:00:00	6666	7334	6666	7018.9	294.24	2048137.92	6960.88
2017-11-03 00:00:00	7017.2	7447.5	6920.2	7132.3	260.17	1881682.1	7232.62
2017-11-04 00:00:00	7126.1	7528.6	6933.7	7370	208.2	1506342.73	7235.19
2017-11-05 00:00:00	7372.8	7598	7272.1	7374.2	192.8	1436912.29	7452.89
2017-11-06 00:00:00	7370.3	7439	6915.4	6954.8	273.27	1965694.92	7193.26
2017-11-07 00:00:00	6956.5	7219.1	6907.576	7104	176.01	1245492.38	7076.24
2017-11-08 00:00:00	7102.1	7777	6977.5	7449.7	291.4	2148929.05	7374.62
2017-11-09 00:00:00	7447	7449	7000.2	7126	214.87	1548740.68	7207.86
2017-11-10 00:00:00	7123.3	7319	6405	6548	332.3	2271452.32	6835.58
2017-11-11 00:00:00	6545	6800	6166	6299.1	315.98	2030153.24	6424.98
2017-11-12 00:00:00	6293.1	6462	5450.2	5819.4	588.58	3549303.92	6030.27
2017-11-13 00:00:00	5810	6682	5780.2	6476.5	430.81	2709003.86	6288.17
2017-11-14 00:00:00	6479.5	6688.7	6301	6587.6	227.62	1483293.25	6516.57
2017-11-15 00:00:00	6590	7318.1	6590	7265.841	279.69	1961882.94	7014.48
2017-11-16 00:00:00	7272.2	7867.1	7091.9	7865.2	251.42	1874749.13	7456.63
2017-11-17 00:00:00	7867.3	7988	7507.9	7673.8	250.06	1948044.26	7790.17
2017-11-18 00:00:00	7678.9	7872.291	7413.3	7773.2	197.88	1515697.53	7659.77
2017-11-19 00:00:00	7772.9	8166.698	7650.9	8052.7	168.95	1334018.09	7895.88
2017-11-20 00:00:00	8050.7	8312	7925	8249	167.15	1363933.94	8159.78
2017-11-21 00:00:00	8254.2	8379.1	7760	8097.5	270.04	2194251.01	8125.63
2017-11-22 00:00:00	8093.4	8350	8050	8230.1	141.82	1161931.98	8192.92
2017-11-23 00:00:00	8230	8300	7975	7975	160.76	1311552.47	8158.21
2017-11-24 00:00:00	7976.9	8350	7873	8190.1	213.01	1735039.12	8145.32
2017-11-25 00:00:00	8191.7	8769.9	8132.9	8752.2	186.09	1582383.12	8503.16
2017-11-26 00:00:00	8759.2	9494	8612.903	9306.2	218.5	1994229.13	9127.03
2017-11-27 00:00:00	9301.1	9770	9250.3	9723.6	218.87	2094241.67	9568.32
2017-11-28 00:00:00	9725.7	9999	9585	9892.1	204.2	2008325.41	9835.09
2017-11-29 00:00:00	9894.9	11330	9401	9763	383.52	3986260.19	10393.86
2017-11-30 00:00:00	9765	10541	8821.038	9908.6	484.1	4706479.93	9722.1
2017-12-01 00:00:00	9901	10947.963	9373.2	10860	371.19	3789404.53	10208.71
2017-12-02 00:00:00	10854	11188	10627	10881	216.61	2367127.83	10927.91
2017-12-03 00:00:00	10878	11840	10274	11161	265.14	2990936.51	11280.64
2017-12-04 00:00:00	11154	11598	10747	11596	276.79	3126355.58	11295.03
2017-12-05 00:00:00	11599	11960	11407.064	11592	225.86	2633614	11660.27
2017-12-06 00:00:00	11597	13598	11590	13556	358.08	4508062.48	12589.65
2017-12-07 00:00:00	13697	16642	13150	16609	452.91	6676557.34	14741.57
2017-12-08 00:00:00	16605.325	17000	13753	15841	475.72	7331933.78	15412.4
2017-12-09 00:00:00	15818	16282	13014	14661	349.69	5124680.97	14655
2017-12-10 00:00:00	14679	15738	12748	14914	489.22	6956517.29	14219.61
2017-12-11 00:00:00	14938	17450	14938	16810	327.99	5387135.21	16424.51
2017-12-12 00:00:00	16763	17579	16220.656	16972	238.17	4009859.5	16836.44
2017-12-13 00:00:00	16968	17282.096	15654	16179	298	4917370.64	16501.28
2017-12-14 00:00:00	16173	16998	15866.724	16384	258.35	4231504.89	16379.07
2017-12-15 00:00:00	16395	18060	16350	17523	231.36	4009926.93	17332.29
2017-12-16 00:00:00	17569	19548	17200	19186	230.94	4252330.47	18413.03
2017-12-17 00:00:00	19210	19891	18622	18968	216.81	4160650.12	19190.71
2017-12-18 00:00:00	18963	19233.99	18010	18935	262.9	4886607.81	18587.56
2017-12-19 00:00:00	18928	19003.79	16461	17342	312.71	5608659.61	17935.61
2017-12-20 00:00:00	17330	17706.74	15500	16433	395.3	6555006.68	16582.19
2017-12-21 00:00:00	16425	17333	14723.997	15650	321.75	5146380.26	15994.91
2017-12-22 00:00:00	15642	15836.543	10725	13173	636.19	8417817.83	13231.59
2017-12-23 00:00:00	13151	14986	12692	14035	321.58	4557410.36	14172
2017-12-24 00:00:00	14007	14046	11601.179	13480	363.22	4669451.99	12855.74
2017-12-25 00:00:00	13590	14278	12675	13627	246.93	3341670.29	13532.93
2017-12-26 00:00:00	13633	16047	13540	15680	285.69	4325742.64	15141.55
2017-12-27 00:00:00	15670	16500	14460	15374	260.16	4006851.15	15401.51
2017-12-28 00:00:00	15388	15478	13184.082	14316	354.63	4979733.53	14041.87
2017-12-29 00:00:00	14334	15105	13826	14307	269.33	3885041.47	14424.79
2017-12-30 00:00:00	14318	14406	11667	12381	368.84	4735675.62	12839.37
2017-12-31 00:00:00	12373	14148	12206.689	13779	229.97	3042705.71	13231.12
2018-01-01 00:00:00	13767	13887	12780	13356.124	170.88	2279259.17	13338.22
2018-01-02 00:00:00	13400	15500	12807.747	14722	273.12	3841361.96	14064.69
2018-01-03 00:00:00	14736	15427	14521	15155	232.38	3472717.46	14944.24
2018-01-04 00:00:00	15150	15390	14075	15160	260.06	3841967.42	14773.45
2018-01-05 00:00:00	15164	17100	14670.784	16910	272.89	4359588.77	15975.83
2018-01-06 00:00:00	16901	17251	16252	17170	166.71	2786925.96	16717.63
2018-01-07 00:00:00	17178	17178	15726	16196	172.38	2838411.23	16465.58
2018-01-08 00:00:00	16215	16278	13775	14946	298.93	4509472.05	15085.34
2018-01-09 00:00:00	14949	15346	14122	14426	237.69	3507556.95	14756.83
2018-01-10 00:00:00	14430	14896	13331	14896	285.86	4031021.96	14101.15
2018-01-11 00:00:00	14900	14946	12650	13253	338.07	4591249.64	13580.92
2018-01-12 00:00:00	13247	14100	12761	13792	207.11	2820553.21	13618.46
2018-01-13 00:00:00	13789	14580	13787	14199	159.43	2265369.04	14209.62
2018-01-14 00:00:00	14192	14393	12877	13557	198.85	2688977.18	13522.48
2018-01-15 00:00:00	13554	14344	13300	13608	179.89	2482744.21	13801.52
2018-01-16 00:00:00	13603	13617	9941	11065	545.08	6405533.84	11751.64
2018-01-17 00:00:00	11068	12249.36	9231.1	11888.77	594.06	6350829.06	10690.47
2018-01-18 00:00:00	11924.08	12730.86	11252.12	11808.52	441.21	5339453.89	12101.78
2018-01-19 00:00:00	11803.17	12710.53	11398.71	12279.32	257.68	3117518.11	12098.63
2018-01-20 00:00:00	12276.11	13927.12	12226.89	13623.24	238.96	3177969.22	13298.92
2018-01-21 00:00:00	13620.03	13623.24	11790.33	12318.91	270.96	3415685.72	12606.07
2018-01-22 00:00:00	12324.26	12731.608	10709.63	11529.25	315.56	3677983.87	11655.32
2018-01-23 00:00:00	11533.53	12198	10593	11567.77	289.94	3304950.8	11398.62
2018-01-24 00:00:00	11576.33	12339.296	11193.27	12193.72	214.19	2521238.3	11770.92
2018-01-25 00:00:00	12179.81	12541.47	11649.09	11926.22	172.89	2088556.3	12080.19
2018-01-26 00:00:00	11929.43	12519	11004.95	11843.83	239.33	2784332.85	11634.09
2018-01-27 00:00:00	11847.04	12506.103	11572.05	12256.85	165.22	1990938.59	12050.34
2018-01-28 00:00:00	12260.06	13020.83	12198	12664.52	142.13	1797885.28	12649.71
2018-01-29 00:00:00	12655.96	12803.62	11848.11	11991.49	135.79	1655872.25	12194.46
2018-01-30 00:00:00	11997.91	12037.5	10560.1	10884.04	237.93	2681611.81	11270.75
2018-01-31 00:00:00	10875.241	11101.25	10446.41	10996.39	204.34	2202931.11	10780.88
2018-02-01 00:00:00	10981.41	11204.878	9566.87	9823.777	308.35	3140508.51	10185.02
2018-02-02 00:00:00	9830.09	9847.346	8504.341	9512.407	418.14	3888844.9	9300.43
2018-02-03 00:00:00	9510.16	10159.65	8762.23	9826.88	262.43	2516101.36	9587.84
2018-02-04 00:00:00	9857.493	10061.21	8388.656	8758.164	286.73	2632454.39	9180.93
2018-02-05 00:00:00	8760.304	8965.942	7120.101	7433.611	465.14	3726310.09	8011.08
2018-02-06 00:00:00	7431.043	8409.879	6420	8218.777	638.71	4655465.07	7288.85
2018-02-07 00:00:00	8212.25	9036.15	7678.427	8117.662	418.65	3530384.12	8432.74
2018-02-08 00:00:00	8114.131	9253.253	8106.962	8816.8	318.84	2805356.86	8798.6
2018-02-09 00:00:00	8811.236	9360.36	8276.129	9287.707	265.82	2346526.3	8827.36
2018-02-10 00:00:00	9230	9708.003	8726.385	9162.41	288.89	2664407.94	9223.03
2018-02-11 00:00:00	9167.76	9167.76	8400.57	8635.97	248.33	2175044.7	8758.73
2018-02-12 00:00:00	8536.923	9630	8520.487	9466	247.87	2292248.14	9247.61
2018-02-13 00:00:00	9386	9563.971	8502	8768.081	196.31	1791629.69	9126.4
2018-02-14 00:00:00	8768.081	9707.897	8502	9581.987	186.64	1731333.52	9276.43
