February 14, 2008	40.9035
February 15, 2008	40.927
February 18, 2008	40.6665
February 19, 2008	40.6265
February 20, 2008	40.65
February 21, 2008	40.7335
February 22, 2008	40.567
February 25, 2008	40.536
February 26, 2008	40.322
February 27, 2008	40.37
February 28, 2008	40.3265
February 29, 2008	40.3555
March 03, 2008	40.432
March 04, 2008	40.8975
March 05, 2008	40.7025
March 06, 2008	40.676
March 07, 2008	40.4035
March 10, 2008	40.7075
March 11, 2008	40.95
March 12, 2008	41.05
March 13, 2008	41.2475
March 14, 2008	41.3475
March 17, 2008	41.35
March 18, 2008	41.699
March 19, 2008	41.575
March 20, 2008	41.52
March 21, 2008	41.625
March 24, 2008	41.625
March 25, 2008	41.5
March 26, 2008	41.381
March 27, 2008	41.58
March 28, 2008	41.8045
March 31, 2008	41.8045
April 01, 2008	41.5505
April 02, 2008	41.5615
April 03, 2008	41.48
April 04, 2008	41.6
April 07, 2008	41.539
April 08, 2008	41.3905
April 09, 2008	41.55
April 10, 2008	41.7235
April 11, 2008	41.668
April 14, 2008	41.4825
April 15, 2008	41.66
April 16, 2008	42.0045
April 17, 2008	41.847
April 18, 2008	42.05
April 21, 2008	41.8818
April 22, 2008	41.935
April 23, 2008	41.938
April 24, 2008	41.85
April 25, 2008	41.8415
April 28, 2008	41.812
April 29, 2008	42.1145
April 30, 2008	42.092
May 01, 2008	42.195
May 02, 2008	42.192
May 05, 2008	42.2945
May 06, 2008	42.07
May 07, 2008	42.2865
May 08, 2008	42.34
May 09, 2008	42.61
May 12, 2008	42.4885
May 13, 2008	42.1895
May 14, 2008	42.607
May 15, 2008	42.7765
May 16, 2008	42.8085
May 19, 2008	42.795
May 20, 2008	42.73
May 21, 2008	43.1365
May 22, 2008	43.2035
May 23, 2008	43.5425
May 26, 2008	43.353
May 27, 2008	43.548
May 28, 2008	43.41
May 29, 2008	43.624
May 30, 2008	43.9405
May 31, 2008	43.6395
June 02, 2008	43.6155
June 03, 2008	43.5915
June 04, 2008	43.732
June 05, 2008	43.9725
June 06, 2008	43.9695
June 10, 2008	44.073
June 11, 2008	44.354
June 12, 2008	44.3915
June 13, 2008	44.282
June 16, 2008	44.7225
June 17, 2008	44.5
June 18, 2008	44.06
June 19, 2008	44.383
June 20, 2008	44.381
June 23, 2008	44.576
June 24, 2008	44.5175
June 25, 2008	44.5495
June 26, 2008	44.45
June 27, 2008	44.698
June 30, 2008	44.8664
July 01, 2008	44.6
July 02, 2008	45.168
July 03, 2008	45.066
July 04, 2008	45.25
July 07, 2008	45.4175
July 08, 2008	45.75
July 09, 2008	45.775
July 10, 2008	45.56
July 11, 2008	45.55
July 14, 2008	45.5775
July 15, 2008	45.115
July 16, 2008	45.3055
July 17, 2008	45.4145
July 18, 2008	44.525
July 21, 2008	44.251
July 22, 2008	44.5
July 23, 2008	44.4
July 24, 2008	43.9185
July 25, 2008	44.067
July 28, 2008	44.0185
July 29, 2008	44.3459
July 30, 2008	44.1845
July 31, 2008	44.1
August 01, 2008	44.168
August 04, 2008	44.3105
August 05, 2008	44.11
August 06, 2008	43.9865
August 07, 2008	43.625
August 08, 2008	43.873
August 11, 2008	44.5185
August 12, 2008	44.15
August 13, 2008	44.65
August 14, 2008	44.7845
August 15, 2008	44.8905
August 18, 2008	45.273
August 19, 2008	45.2995
August 20, 2008	45.4
August 21, 2008	45.63
August 22, 2008	45.656
August 25, 2008	45.5765
August 26, 2008	45.5425
August 27, 2008	46.0355
August 28, 2008	45.64
August 29, 2008	45.584
September 01, 2008	46.26
September 02, 2008	46.278
September 03, 2008	46.3075
September 04, 2008	46.631
September 05, 2008	46.754
September 08, 2008	46.655
September 09, 2008	46.35
September 10, 2008	46.793
September 11, 2008	46.985
September 12, 2008	46.9335
September 15, 2008	46.7485
September 16, 2008	47.017
September 17, 2008	46.9415
September 18, 2008	47.0665
September 19, 2008	47.04
September 22, 2008	46.4385
September 23, 2008	46.209
September 24, 2008	46.5
September 25, 2008	46.42
September 26, 2008	46.3835
September 29, 2008	46.664
September 30, 2008	46.93
October 01, 2008	47.3
October 02, 2008	47.355
October 03, 2008	46.8655
October 06, 2008	47.115
October 07, 2008	47.405
October 08, 2008	47.3015
October 09, 2008	47.5615
October 10, 2008	47.3495
October 13, 2008	47.555
October 14, 2008	47.1015
October 15, 2008	47.2355
October 16, 2008	47.4715
October 17, 2008	48.05
October 20, 2008	48.0375
October 21, 2008	47.9
October 22, 2008	48.111
October 27, 2008	48.6425
October 28, 2008	49.206
October 29, 2008	48.948
October 30, 2008	48.9985
October 31, 2008	48.725
November 03, 2008	48.4
November 04, 2008	48.1043
November 05, 2008	48.4635
November 06, 2008	47.995
November 07, 2008	48.4495
November 10, 2008	48.6555
November 11, 2008	48.4345
November 12, 2008	48.818
November 13, 2008	48.942
November 14, 2008	49.4255
November 17, 2008	49.6015
November 18, 2008	49.5245
November 19, 2008	49.85
November 20, 2008	49.8575
November 21, 2008	49.9535
November 24, 2008	49.883
November 25, 2008	49.888
November 26, 2008	49.402
November 27, 2008	49.165
November 28, 2008	48.8355
December 01, 2008	49.008
December 02, 2008	48.7445
December 03, 2008	49.424
December 04, 2008	49.148
December 05, 2008	49.3
December 08, 2008	49.05
December 09, 2008	48.594
December 10, 2008	48.5395
December 11, 2008	48.2035
December 12, 2008	47.726
December 13, 2008	47.726
December 14, 2008	47.726
December 15, 2008	47.9205
December 16, 2008	47.6
December 17, 2008	47.4135
December 18, 2008	46.9
December 19, 2008	46.7535
December 20, 2008	46.7535
December 21, 2008	46.7535
December 22, 2008	46.555
December 23, 2008	47.277
December 24, 2008	47.3705
December 25, 2008	47.365
December 26, 2008	47.33
December 27, 2008	47.33
December 28, 2008	47.33
December 29, 2008	47.06
December 30, 2008	47.47
December 31, 2008	47.55
January 01, 2009	47.453
January 02, 2009	47.46
January 03, 2009	47.46
January 04, 2009	47.46
January 05, 2009	47.3915
January 06, 2009	47.2
January 07, 2009	46.95
January 08, 2009	46.3855
January 09, 2009	47.0635
January 10, 2009	47.0635
January 11, 2009	47.0635
January 12, 2009	47.315
January 13, 2009	47.2585
January 14, 2009	47.5065
January 15, 2009	47.085
January 16, 2009	47.35
January 17, 2009	47.35
January 18, 2009	47.35
January 19, 2009	46.9725
January 20, 2009	47.13
January 21, 2009	47.35
January 22, 2009	47.26
January 23, 2009	47.3515
January 24, 2009	47.3515
January 25, 2009	47.3515
January 26, 2009	47.2603
January 27, 2009	47.26
January 28, 2009	46.862
January 29, 2009	46.5
January 30, 2009	46.85
January 31, 2009	46.85
February 01, 2009	46.85
February 02, 2009	46.496
February 03, 2009	46.9655
February 04, 2009	47.075
February 05, 2009	47.4365
February 06, 2009	47.373
February 07, 2009	47.373
February 08, 2009	47.373
February 09, 2009	47.125
February 10, 2009	47.02
February 11, 2009	46.7236
February 12, 2009	47.2171
February 13, 2009	47.225
February 14, 2009	47.225
February 15, 2009	47.225
February 16, 2009	47.5964
February 17, 2009	47.06
February 18, 2009	47.8675
February 19, 2009	47.6855
February 20, 2009	47.75
February 21, 2009	47.75
February 22, 2009	47.75
February 23, 2009	48.17
February 24, 2009	48.25
February 25, 2009	48.075
February 26, 2009	48
February 27, 2009	48.3
February 28, 2009	48.3
March 01, 2009	48.3
March 02, 2009	48.763
March 03, 2009	48.894
March 04, 2009	48.87
March 05, 2009	48.61
March 06, 2009	48.535
March 07, 2009	48.535
March 08, 2009	48.535
March 09, 2009	48.65
March 10, 2009	48.4845
March 11, 2009	48.296
March 12, 2009	48.2195
March 13, 2009	48.4
March 14, 2009	48.4
March 15, 2009	48.4
March 16, 2009	48.68
March 17, 2009	48.52
March 18, 2009	48.296
March 19, 2009	48.325
March 20, 2009	48.26
March 21, 2009	48.26
March 22, 2009	48.26
March 23, 2009	48.52
March 24, 2009	48.52
March 25, 2009	48.4105
March 26, 2009	48.15
March 27, 2009	48.0275
March 28, 2009	48.0275
March 29, 2009	48.0275
March 30, 2009	48.52
March 31, 2009	48.5
April 01, 2009	48.263
April 02, 2009	48.219
April 03, 2009	47.8555
April 04, 2009	47.8555
April 05, 2009	47.8555
April 06, 2009	47.74
April 07, 2009	47.82
April 08, 2009	47.752
April 09, 2009	47.9019
April 10, 2009	47.9019
April 11, 2009	47.9019
April 12, 2009	47.9019
April 13, 2009	47.87
April 14, 2009	47.2032
April 15, 2009	47.2394
April 16, 2009	47.7
April 17, 2009	47.7
April 18, 2009	47.7
April 19, 2009	47.7
April 20, 2009	47.8045
April 21, 2009	48.225
April 22, 2009	48.3505
April 23, 2009	48.61
April 24, 2009	48.61
April 25, 2009	48.61
April 26, 2009	48.61
April 27, 2009	48.622
April 28, 2009	48.5805
April 29, 2009	48.433
April 30, 2009	48.557
May 01, 2009	48.053
May 02, 2009	48.053
May 03, 2009	48.053
May 04, 2009	48.03
May 05, 2009	47.9375
May 06, 2009	47.8575
May 07, 2009	47.8575
May 08, 2009	47.25
May 09, 2009	47.1065
May 10, 2009	47.1065
May 11, 2009	47.93
May 12, 2009	47.1215
May 13, 2009	46.8848
May 14, 2009	47.373
May 15, 2009	47.725
May 16, 2009	47.725
May 17, 2009	47.725
May 18, 2009	47.9961
May 19, 2009	47.25
May 20, 2009	47.15
May 21, 2009	47.1805
May 22, 2009	46.8429
May 23, 2009	46.8429
May 24, 2009	46.8429
May 25, 2009	46.832
May 26, 2009	47.079
May 27, 2009	47.325
May 28, 2009	47.192
May 29, 2009	47.3
May 30, 2009	47.3
May 31, 2009	47.3
June 01, 2009	47.1165
June 02, 2009	47.61
June 03, 2009	47.2039
June 04, 2009	47.078
June 05, 2009	47.1147
June 06, 2009	47.1147
June 07, 2009	47.1147
June 08, 2009	47.045
June 09, 2009	47.6736
June 10, 2009	47.2679
June 11, 2009	47.402
June 12, 2009	47.65
June 13, 2009	47.65
June 14, 2009	47.65
June 15, 2009	47.8
June 16, 2009	48.1
June 17, 2009	48.2956
June 18, 2009	48.3569
June 19, 2009	48.2484
June 20, 2009	48.2484
June 21, 2009	48.2484
June 22, 2009	48.39
June 23, 2009	48.2205
June 24, 2009	48.1785
June 25, 2009	48.11
June 26, 2009	48.273
June 27, 2009	48
June 28, 2009	48.273
June 29, 2009	48
June 30, 2009	48.2015
July 01, 2009	48.2015
July 02, 2009	48.0299
July 03, 2009	48.1233
July 04, 2009	48.1233
July 05, 2009	48.1233
July 06, 2009	48.3
July 07, 2009	48.3
July 08, 2009	48.3547
July 09, 2009	48.23
July 10, 2009	48.259
July 11, 2009	48.2105
July 12, 2009	48.2
July 13, 2009	48.3
July 14, 2009	48.3
July 15, 2009	48.146
July 16, 2009	47.94
July 17, 2009	48.0475
July 18, 2009	47.9425
July 19, 2009	47.94
July 20, 2009	47.94
July 21, 2009	48.1
July 22, 2009	47.981
July 23, 2009	47.9215
July 24, 2009	48.0875
July 25, 2009	47.9965
July 26, 2009	48.1635
July 27, 2009	48.1635
July 28, 2009	48.0175
July 29, 2009	47.998
July 30, 2009	48.0565
July 31, 2009	48.05
August 01, 2009	47.992
August 02, 2009	47.992
August 03, 2009	47.992
August 04, 2009	47.982
August 05, 2009	47.823
August 06, 2009	47.835
August 07, 2009	47.95
August 08, 2009	47.92
August 09, 2009	47.927
August 10, 2009	47.927
August 11, 2009	47.775
August 12, 2009	47.845
August 13, 2009	48.055
August 14, 2009	47.88
August 15, 2009	48.079
August 16, 2009	48.079
August 17, 2009	48.5673
August 18, 2009	48.32
August 19, 2009	48.4
August 20, 2009	48.405
August 21, 2009	48.55
August 22, 2009	48.174
August 23, 2009	48.175
August 24, 2009	48.175
August 25, 2009	48.425
August 26, 2009	48.374
August 27, 2009	48.6855
August 28, 2009	48.828
August 29, 2009	48.75
August 30, 2009	48.8515
August 31, 2009	48.799
September 01, 2009	48.805
September 02, 2009	48.95
September 03, 2009	48.825
September 04, 2009	48.628
September 05, 2009	48.72
September 06, 2009	48.724
September 07, 2009	48.724
September 08, 2009	48.8585
September 09, 2009	48.278
September 10, 2009	48.318
September 11, 2009	48.215
September 12, 2009	48.225
September 13, 2009	48.2
September 14, 2009	48.2
September 15, 2009	48.475
September 16, 2009	48.463
September 17, 2009	48.05
September 18, 2009	47.7
September 19, 2009	47.734
September 20, 2009	47.7
September 21, 2009	47.726
September 22, 2009	47.603
September 23, 2009	47.5
September 24, 2009	47.325
September 25, 2009	47.242
September 26, 2009	47.239
September 27, 2009	47.195
September 28, 2009	47.231
September 29, 2009	47.5545
September 30, 2009	47.73
October 01, 2009	47.6
October 02, 2009	47.6
October 03, 2009	47.016
October 04, 2009	47.019
October 05, 2009	47.019
October 06, 2009	46.6765
October 07, 2009	46.6955
October 08, 2009	46.5525
October 09, 2009	46.5505
October 10, 2009	46.544
October 11, 2009	46.536
October 12, 2009	46.536
October 13, 2009	46.5545
October 14, 2009	46.423
October 15, 2009	46.395
October 16, 2009	46.2675
October 17, 2009	46.81
October 18, 2009	46.635
October 19, 2009	46.635
October 20, 2009	46.8155
October 21, 2009	46.5765
October 22, 2009	46.5865
October 23, 2009	47.2335
October 24, 2009	46.92
October 25, 2009	46.875
October 26, 2009	46.875
October 27, 2009	46.9485
October 28, 2009	47.259
October 29, 2009	47.227
October 30, 2009	47.6715
October 31, 2009	47.45
November 01, 2009	47.781
November 02, 2009	47.781
November 03, 2009	47.616
November 04, 2009	47.5935
November 05, 2009	47.4705
November 06, 2009	47.5765
November 07, 2009	47.55
November 08, 2009	47.575
November 09, 2009	47.575
November 10, 2009	46.888
November 11, 2009	47.1
November 12, 2009	46.9045
November 13, 2009	46.5
November 14, 2009	46.6
November 15, 2009	46.613
November 16, 2009	46.613
November 17, 2009	46.4715
November 18, 2009	46.6
November 19, 2009	46.7015
November 20, 2009	46.775
November 21, 2009	46.9075
November 22, 2009	46.7195
November 23, 2009	46.7195
November 24, 2009	46.8505
November 25, 2009	47.15
November 26, 2009	46.6645
November 27, 2009	47.0235
November 28, 2009	46.975
November 29, 2009	47.225
November 30, 2009	47.225
December 01, 2009	47.13
December 02, 2009	46.7
December 03, 2009	46.406
December 04, 2009	46.2035
December 05, 2009	46.2735
December 06, 2009	45.9
December 07, 2009	46.3
December 08, 2009	46.074
December 09, 2009	45.901
December 10, 2009	46.2985
December 11, 2009	46.125
December 12, 2009	46.055
December 13, 2009	46.6955
December 14, 2009	46.6955
December 15, 2009	46.0075
December 16, 2009	46.096
December 17, 2009	46.2985
December 18, 2009	46.3985
December 19, 2009	46.623
December 20, 2009	46.6055
December 21, 2009	46.6055
December 22, 2009	46.628
December 23, 2009	46.6765
December 24, 2009	46.46
December 25, 2009	46.4525
December 26, 2009	46.4525
December 27, 2009	46.4525
December 28, 2009	46.4525
December 29, 2009	46.383
December 30, 2009	46.5
December 31, 2009	46.1765
January 01, 2010	46.465
January 02, 2010	46.465
January 03, 2010	46.465
January 04, 2010	46.465
January 05, 2010	45.9055
January 06, 2010	45.925
January 07, 2010	45.875
January 08, 2010	45.795
January 09, 2010	45.6995
January 10, 2010	45.7345
January 11, 2010	45.7345
January 12, 2010	45.4505
January 13, 2010	45.45
January 14, 2010	45.78
January 15, 2010	45.65
January 16, 2010	45.83
January 17, 2010	45.7205
January 18, 2010	45.721
January 19, 2010	45.877
January 20, 2010	45.975
January 21, 2010	46.125
January 22, 2010	46.182
January 23, 2010	46.225
January 24, 2010	46.35
January 25, 2010	46.35
January 26, 2010	46.174
January 27, 2010	46.173
January 28, 2010	46.552
January 29, 2010	46.162
January 30, 2010	46.398
January 31, 2010	46.665
February 01, 2010	46.665
February 02, 2010	46.655
February 03, 2010	46.37
February 04, 2010	45.924
February 05, 2010	46.399
February 06, 2010	46.615
February 07, 2010	46.388
February 08, 2010	46.388
February 09, 2010	46.497
February 10, 2010	46.425
February 11, 2010	46.45
February 12, 2010	46.41
February 13, 2010	46.44
February 14, 2010	46.4
February 15, 2010	46.4
February 16, 2010	46.199
February 17, 2010	46.01
February 18, 2010	46.146
February 19, 2010	46.168
February 20, 2010	46.18
February 21, 2010	46.129
February 22, 2010	46.129
February 23, 2010	46.145
February 24, 2010	46.125
February 25, 2010	46.179
February 26, 2010	46.37
February 27, 2010	46.12
February 28, 2010	45.874
March 01, 2010	45.874
March 02, 2010	46.2
March 03, 2010	46.115
March 04, 2010	45.96
March 05, 2010	46.15
March 06, 2010	46
March 07, 2010	45.986
March 08, 2010	45.92
March 09, 2010	45.811
March 10, 2010	45.83
March 11, 2010	45.66
March 12, 2010	45.7
March 13, 2010	45.66
March 14, 2010	45.692
March 15, 2010	45.642
March 16, 2010	45.695
March 17, 2010	45.667
March 18, 2010	45.52
March 19, 2010	45.626
March 20, 2010	45.525
March 21, 2010	45.525
March 22, 2010	45.585
March 23, 2010	45.688
March 24, 2010	45.58
March 25, 2010	45.693
March 26, 2010	45.6
March 27, 2010	45.548
March 28, 2010	45.485
March 29, 2010	45.484
March 30, 2010	45.251
March 31, 2010	45.28
April 01, 2010	45.085
April 02, 2010	45.03
April 03, 2010	45
April 04, 2010	45
April 05, 2010	45
April 06, 2010	45.93
April 07, 2010	44.899
April 08, 2010	44.8
April 09, 2010	44.963
April 10, 2010	44.8
April 11, 2010	44.75
April 12, 2010	44.75
April 13, 2010	44.755
April 14, 2010	44.627
April 15, 2010	44.4
April 16, 2010	44.4
April 17, 2010	44.314
April 18, 2010	44.32
April 19, 2010	44.32
April 20, 2010	44.646
April 21, 2010	44.58
April 22, 2010	44.307
April 23, 2010	44.43
April 24, 2010	44.3
April 25, 2010	44.3
April 26, 2010	44.3
April 27, 2010	44.21
April 28, 2010	44.616
April 29, 2010	44.809
April 30, 2010	44.7
May 01, 2010	44.451
May 02, 2010	44.455
May 03, 2010	44.447
May 04, 2010	44.539
May 05, 2010	44.78
May 06, 2010	45.3
May 07, 2010	45.448
May 08, 2010	45.68
May 09, 2010	45.68
May 10, 2010	45.676
May 11, 2010	45.03
May 12, 2010	44.982
May 13, 2010	44.9
May 14, 2010	44.8
May 15, 2010	44.8
May 16, 2010	45.2
May 17, 2010	44.865
May 18, 2010	45.2
May 19, 2010	45.22
May 20, 2010	45.953
May 21, 2010	46
May 22, 2010	46.499
May 23, 2010	46.5
May 24, 2010	46.539
May 25, 2010	46.6
May 26, 2010	47.484
May 27, 2010	46.49
May 28, 2010	46.26
May 29, 2010	46.2
May 30, 2010	46.2
May 31, 2010	46.479
June 01, 2010	46.298
June 02, 2010	46.743
June 03, 2010	46.72
June 04, 2010	46.4
June 05, 2010	46.3
June 06, 2010	46.595
June 07, 2010	46.617
June 08, 2010	46.82
June 09, 2010	46.718
June 10, 2010	46.5
June 11, 2010	46.469
June 12, 2010	46.5
June 13, 2010	46.5
June 14, 2010	46.442
June 15, 2010	46.43
June 16, 2010	46.1
June 17, 2010	46.17
June 18, 2010	46.04
June 19, 2010	45.88
June 20, 2010	45.89
June 21, 2010	45.781
June 22, 2010	45.47
June 23, 2010	45.789
June 24, 2010	46.238
June 25, 2010	46.36
June 26, 2010	46.6
June 27, 2010	46.2
June 28, 2010	46.245
June 29, 2010	46.42
June 30, 2010	46.3
July 01, 2010	46.43
July 02, 2010	46.509
July 03, 2010	46.53
July 04, 2010	46.286
July 05, 2010	46.555
July 06, 2010	46.442
July 07, 2010	46.5
July 08, 2010	46.471
July 09, 2010	46.5
July 10, 2010	46.18
July 11, 2010	46.18
July 12, 2010	46.231
July 13, 2010	46.284
July 14, 2010	46.265
July 15, 2010	46.298
July 16, 2010	46.49
July 17, 2010	46.31
July 18, 2010	46.406
July 19, 2010	46.519
July 20, 2010	46.38
July 21, 2010	46.433
July 22, 2010	46.506
July 23, 2010	46.46
July 24, 2010	46.48
July 25, 2010	46.583
July 26, 2010	46.21
July 27, 2010	45.985
July 28, 2010	45.807
July 29, 2010	45.93
July 30, 2010	46
July 31, 2010	45.52
August 01, 2010	45.5
August 02, 2010	45.675
August 03, 2010	45.336
August 04, 2010	45.1
August 05, 2010	45.22
August 06, 2010	45.066
August 07, 2010	44.854
August 08, 2010	44.82
August 09, 2010	44.82
August 10, 2010	44.91
August 11, 2010	44.91
August 12, 2010	45.3
August 13, 2010	45.4
August 14, 2010	45.36
August 15, 2010	45.36
August 16, 2010	45.377
August 17, 2010	45.396
August 18, 2010	45.186
August 19, 2010	45
August 20, 2010	44.91
August 21, 2010	45.119
August 22, 2010	45.135
August 23, 2010	45.02
August 24, 2010	45.068
August 25, 2010	45.465
August 26, 2010	45.403
August 27, 2010	45.118
August 28, 2010	45.073
August 29, 2010	45.066
August 30, 2010	45.052
August 31, 2010	45.201
September 01, 2010	45.349
September 02, 2010	45.1
September 03, 2010	44.867
September 04, 2010	44.5
September 05, 2010	44.46
September 06, 2010	44.46
September 07, 2010	44.362
September 08, 2010	44.6
September 09, 2010	44.294
September 10, 2010	44.079
September 11, 2010	43.93
September 12, 2010	44.169
September 13, 2010	44.169
September 14, 2010	44.03
September 15, 2010	44.2
September 16, 2010	44.18
September 17, 2010	44.3
September 18, 2010	44.2
September 19, 2010	44.293
September 20, 2010	44.24
September 21, 2010	44.053
September 22, 2010	43.9
September 23, 2010	43.88
September 24, 2010	44.103
September 25, 2010	43.831
September 26, 2010	43.92
September 27, 2010	43.781
September 28, 2010	43.81
September 29, 2010	44
September 30, 2010	43.817
October 01, 2010	43.911
October 02, 2010	43.768
October 03, 2010	43.73
October 04, 2010	43.648
October 05, 2010	43.784
October 06, 2010	43.582
October 07, 2010	43.438
October 08, 2010	43.5
October 09, 2010	43.3
October 10, 2010	43.292
October 11, 2010	43.292
October 12, 2010	43.57
October 13, 2010	43.63
October 14, 2010	43.38
October 15, 2010	43.32
October 16, 2010	43.254
October 17, 2010	43.255
October 18, 2010	43.308
October 19, 2010	43.164
October 20, 2010	43.562
October 21, 2010	43.29
October 22, 2010	43.264
October 23, 2010	43.192
October 24, 2010	43.32
October 25, 2010	43.028
October 26, 2010	43.04
October 27, 2010	43.201
October 28, 2010	43.18
October 29, 2010	43
October 30, 2010	42.898
October 31, 2010	43
November 01, 2010	42.72
November 02, 2010	42.82
November 03, 2010	42.544
November 04, 2010	42.459
November 05, 2010	42.391
November 06, 2010	42.627
November 07, 2010	42.63
November 08, 2010	42.63
November 09, 2010	43.15
November 10, 2010	43.227
November 11, 2010	43.406
November 12, 2010	43.75
November 13, 2010	43.786
November 14, 2010	43.811
November 15, 2010	43.811
November 16, 2010	43.778
November 17, 2010	43.6
November 18, 2010	43.87
November 19, 2010	43.5
November 20, 2010	43.71
November 21, 2010	43.7
November 22, 2010	43.7
November 23, 2010	44.062
November 24, 2010	44.194
November 25, 2010	44.039
November 26, 2010	44.076
November 27, 2010	44.2
November 28, 2010	44.2
November 29, 2010	44.1
November 30, 2010	44.29
December 01, 2010	44.073
December 02, 2010	43.65
December 03, 2010	43.696
December 04, 2010	43.7
December 05, 2010	43.573
December 06, 2010	43.573
December 07, 2010	43.785
December 08, 2010	43.5
December 09, 2010	43.668
December 10, 2010	43.6
December 11, 2010	43.67
December 12, 2010	43.69
December 13, 2010	43.765
December 14, 2010	43.885
December 15, 2010	43.75
December 16, 2010	43.93
December 17, 2010	44.24
December 18, 2010	44.359
December 19, 2010	44.253
December 20, 2010	44.253
December 21, 2010	44.512
December 22, 2010	44.395
December 23, 2010	44.203
December 24, 2010	44.115
December 25, 2010	44.018
December 26, 2010	44.2
December 27, 2010	44.2
December 28, 2010	44.04
December 29, 2010	43.939
December 30, 2010	43.9
December 31, 2010	43.79
January 01, 2011	43.55
January 02, 2011	45.55
January 03, 2011	43.394
January 04, 2011	43.769
January 05, 2011	43.55
January 06, 2011	43.75
January 07, 2011	43.995
January 08, 2011	44.2
January 09, 2011	44.21
January 10, 2011	44.282
January 11, 2011	44.435
January 12, 2011	44.14
January 13, 2011	43.905
January 14, 2011	44.144
January 15, 2011	44.318
January 16, 2011	44.32
January 17, 2011	44.409
January 18, 2011	44.4
January 19, 2011	44.45
January 20, 2011	44.25
January 21, 2011	44.637
January 22, 2011	44.447
January 23, 2011	44.32
January 24, 2011	44.32
January 25, 2011	44.505
January 26, 2011	44.501
January 27, 2011	44.3
January 28, 2011	44.199
January 29, 2011	44.105
January 30, 2011	44.05
January 31, 2011	44.05
February 01, 2011	44.288
February 02, 2011	44.201
February 03, 2011	43.901
February 04, 2011	43.8
February 05, 2011	43.7
February 06, 2011	43.7
February 07, 2011	43.7
February 08, 2011	43.63
February 09, 2011	43.41
February 10, 2011	43.57
February 11, 2011	43.6
February 12, 2011	43.806
February 13, 2011	43.807
February 14, 2011	43.807
February 15, 2011	43.599
February 16, 2011	43.65
February 17, 2011	43.547
February 18, 2011	43.35
February 19, 2011	43.35
February 20, 2011	43.247
February 21, 2011	43.247
February 22, 2011	43.413
February 23, 2011	43.608
February 24, 2011	43.52
February 25, 2011	43.789
February 26, 2011	43.72
February 27, 2011	43.72
February 28, 2011	43.77
March 01, 2011	43.55
March 02, 2011	43.399
March 03, 2011	43.5
March 04, 2011	43.36
March 05, 2011	43.27
March 06, 2011	43.238
March 07, 2011	43.218
March 08, 2011	43.195
March 09, 2011	43.454
March 10, 2011	43.3
March 11, 2011	43.491
March 14, 2011	43.378
March 15, 2011	43.531
March 16, 2011	43.8
March 17, 2011	43.745
March 18, 2011	43.922
March 19, 2011	43.57
March 20, 2011	43.57
March 21, 2011	43.57
March 22, 2011	43.49
March 23, 2011	43.385
March 24, 2011	43.498
March 25, 2011	43.43
March 26, 2011	43.43
March 27, 2011	43.43
March 28, 2011	43.43
March 29, 2011	43.43
March 30, 2011	43.4
March 31, 2011	43.11
April 01, 2011	43.348
April 02, 2011	43.3
April 03, 2011	43.3
April 04, 2011	43.2
April 05, 2011	43.3
April 06, 2011	43.302
April 07, 2011	43.13
April 08, 2011	43.1
April 09, 2011	42.902
April 10, 2011	42.9
April 11, 2011	42.9
April 12, 2011	43
April 13, 2011	43.1
April 14, 2011	43.22
April 15, 2011	43.2
April 16, 2011	43.23
April 17, 2011	43.2
April 18, 2011	43.311
April 19, 2011	43.3
April 20, 2011	43.3
April 21, 2011	43.281
April 22, 2011	43.18
April 23, 2011	43.2
April 24, 2011	43.2
April 25, 2011	43.284
April 26, 2011	43.284
April 27, 2011	43.275
April 28, 2011	43.21
April 29, 2011	43.2
April 30, 2011	42.803
May 01, 2011	42.833
May 02, 2011	42.833
May 03, 2011	42.64
May 04, 2011	43
May 05, 2011	42.796
May 06, 2011	42.909
May 07, 2011	43.081
May 08, 2011	43.085
May 09, 2011	43.085
May 10, 2011	42.94
May 11, 2011	42.97
May 12, 2011	42.8
May 13, 2011	43.01
May 14, 2011	43.13
May 15, 2011	43.13
May 16, 2011	43.161
May 17, 2011	43.38
May 18, 2011	43.26
May 19, 2011	43.25
May 20, 2011	43.1
May 21, 2011	43.13
May 22, 2011	43.182
May 23, 2011	43.182
May 24, 2011	43.5
May 25, 2011	43.408
May 26, 2011	43.56
May 27, 2011	43.3
May 28, 2011	43.361
May 29, 2011	43.332
May 30, 2011	43.332
May 31, 2011	43.308
June 01, 2011	43.2
June 02, 2011	43.06
June 03, 2011	43.26
June 04, 2011	43.3
June 05, 2011	43.3
June 06, 2011	43.11
June 07, 2011	43.23
June 08, 2011	43.2
June 09, 2011	43.228
June 10, 2011	43.22
June 11, 2011	43.2
June 12, 2011	43.204
June 13, 2011	43.204
June 14, 2011	43.43
June 15, 2011	43.259
June 16, 2011	43.451
June 17, 2011	43.682
June 18, 2011	43.7
June 19, 2011	43.672
June 20, 2011	43.672
June 21, 2011	43.77
June 22, 2011	43.47
June 23, 2011	43.4
June 24, 2011	43.4
June 25, 2011	43.3
June 26, 2011	43.299
June 27, 2011	43.299
June 28, 2011	43.5
June 29, 2011	43.45
June 30, 2011	43.5
July 01, 2011	43.34
July 02, 2011	43.174
July 03, 2011	43.102
July 04, 2011	43.102
July 05, 2011	43.07
July 06, 2011	43
July 07, 2011	42.8
July 08, 2011	42.881
July 09, 2011	42.74
July 10, 2011	42.74
July 11, 2011	42.72
July 12, 2011	42.912
July 13, 2011	43.099
July 14, 2011	43
July 15, 2011	42.85
July 16, 2011	42.95
July 17, 2011	42.972
July 18, 2011	42.972
July 19, 2011	42.8
July 20, 2011	42.84
July 21, 2011	42.72
July 22, 2011	42.7
July 23, 2011	42.41
July 24, 2011	42.43
July 25, 2011	42.41
July 26, 2011	42.4
July 27, 2011	42.23
July 28, 2011	42.1
July 29, 2011	42.19
July 30, 2011	42.14
July 31, 2011	42.114
August 01, 2011	42.114
August 02, 2011	41.941
August 03, 2011	42.129
August 04, 2011	42.23
August 05, 2011	42.341
August 06, 2011	42.577
August 07, 2011	42.22
August 08, 2011	42.22
August 09, 2011	42.612
August 10, 2011	42.501
August 11, 2011	42.479
August 12, 2011	42.54
August 13, 2011	42.633
August 14, 2011	42.624
August 15, 2011	42.624
August 16, 2011	42.397
August 17, 2011	42.44
August 18, 2011	42.395
August 19, 2011	42.5
August 20, 2011	42.66
August 21, 2011	42.62
August 22, 2011	42.62
August 23, 2011	42.46
August 24, 2011	42.34
August 25, 2011	42.41
August 26, 2011	42.4
August 27, 2011	42.44
August 28, 2011	42.352
August 29, 2011	42.352
August 30, 2011	42.528
August 31, 2011	42.46
September 02, 2011	42.4
September 03, 2011	42.26
September 04, 2011	42.276
September 05, 2011	42.276
September 06, 2011	42.342
September 07, 2011	42.37
September 08, 2011	42.3
September 09, 2011	42.5
September 10, 2011	42.49
September 12, 2011	42.531
September 13, 2011	42.828
September 14, 2011	43.06
September 15, 2011	43.218
September 16, 2011	43.3
September 17, 2011	43.29
September 18, 2011	43.31
September 19, 2011	43.31
September 20, 2011	43.447
September 21, 2011	43.4
September 22, 2011	43.51
September 23, 2011	43.8
September 24, 2011	43.614
September 25, 2011	43.66
September 26, 2011	43.66
September 27, 2011	43.6
September 28, 2011	43.01
September 29, 2011	43.37
October 01, 2011	43.73
October 02, 2011	43.73
October 03, 2011	43.73
October 04, 2011	43.9
October 05, 2011	43.9
October 06, 2011	43.8
October 07, 2011	43.674
October 08, 2011	43.4
October 09, 2011	43.4
October 10, 2011	43.525
October 11, 2011	43.37
October 12, 2011	43.45
October 13, 2011	43.3
October 14, 2011	43.31
October 15, 2011	43.34
October 16, 2011	43.291
October 17, 2011	43.291
October 18, 2011	43.11
October 19, 2011	43.247
October 20, 2011	43.1
October 21, 2011	43.251
October 22, 2011	43.35
October 23, 2011	43.377
October 24, 2011	43.377
October 25, 2011	43.267
October 26, 2011	43.145
October 27, 2011	43.203
October 28, 2011	42.75
October 29, 2011	42.65
October 31, 2011	42.7
November 01, 2011	42.636
November 02, 2011	42.637
November 03, 2011	42.76
November 04, 2011	43.13
November 05, 2011	42.9
November 06, 2011	42.745
November 07, 2011	42.745
November 08, 2011	42.84
November 09, 2011	43.145
November 10, 2011	43.057
November 11, 2011	43.341
November 12, 2011	43.304
November 13, 2011	43.1
November 14, 2011	43.427
November 15, 2011	43.27
November 16, 2011	43.378
November 17, 2011	43.401
November 18, 2011	43.382
November 19, 2011	43.44
November 20, 2011	43.388
November 21, 2011	43.388
November 22, 2011	43.296
November 23, 2011	43.24
November 24, 2011	43.465
November 25, 2011	43.659
November 26, 2011	43.941
November 27, 2011	44.004
November 28, 2011	43.94
November 29, 2011	43.774
November 30, 2011	43.64
December 01, 2011	43.64
December 02, 2011	43.281
December 03, 2011	43.3
December 04, 2011	43.576
December 05, 2011	43.26
December 06, 2011	43.284
December 07, 2011	43.5
December 08, 2011	43.28
December 09, 2011	43.2
December 10, 2011	43.45
December 11, 2011	43.68
December 12, 2011	43.68
December 13, 2011	43.616
December 14, 2011	43.85
December 15, 2011	44.2
December 16, 2011	44.1
December 17, 2011	43.72
December 18, 2011	43.7
December 19, 2011	43.771
December 20, 2011	43.97
December 21, 2011	43.85
December 22, 2011	43.624
December 23, 2011	43.62
December 24, 2011	43.5
December 25, 2011	43.452
December 26, 2011	43.452
December 27, 2011	43.452
December 28, 2011	43.856
December 29, 2011	43.98
December 30, 2011	43.841
December 31, 2011	43.7
January 01, 2012	43.891
January 02, 2012	43.891
January 03, 2012	43.95
January 04, 2012	43.762
January 05, 2012	43.757
January 06, 2012	43.95
January 07, 2012	44.1
January 08, 2012	44.155
January 09, 2012	44.155
January 10, 2012	44.04
January 11, 2012	44.01
January 12, 2012	44.05
January 13, 2012	44.001
January 14, 2012	43.749
January 15, 2012	43.775
January 16, 2012	43.775
January 17, 2012	43.886
January 18, 2012	43.62
January 19, 2012	43.422
January 20, 2012	43.618
January 21, 2012	43.276
January 22, 2012	43.24
January 23, 2012	43.25
January 24, 2012	43.15
January 25, 2012	43.16
January 26, 2012	43.13
January 27, 2012	42.86
January 28, 2012	42.71
January 29, 2012	42.733
January 30, 2012	42.733
January 31, 2012	43
February 01, 2012	42.884
February 02, 2012	42.72
February 03, 2012	42.671
February 04, 2012	42.44
February 05, 2012	42.448
February 06, 2012	42.448
February 07, 2012	42.57
February 08, 2012	42.47
February 09, 2012	42.289
February 10, 2012	42.12
February 11, 2012	42.47
February 12, 2012	42.5
February 13, 2012	42.495
February 14, 2012	42.45
February 15, 2012	42.75
February 16, 2012	42.62
February 17, 2012	42.833
February 18, 2012	42.56
February 19, 2012	42.693
February 20, 2012	42.703
February 21, 2012	42.573
February 22, 2012	42.679
February 23, 2012	42.62
February 24, 2012	42.777
February 25, 2012	42.857
February 26, 2012	42.81
February 27, 2012	42.81
February 28, 2012	42.97
February 29, 2012	42.825
March 01, 2012	42.777
March 02, 2012	42.766
March 03, 2012	42.78
March 04, 2012	42.75
March 05, 2012	42.755
March 06, 2012	42.81
March 07, 2012	43.075
March 08, 2012	42.891
March 09, 2012	42.575
March 10, 2012	42.551
March 11, 2012	42.55
March 12, 2012	42.55
March 13, 2012	42.66
March 14, 2012	42.662
March 15, 2012	42.977
March 16, 2012	42.88
March 17, 2012	43.084
March 18, 2012	42.993
March 19, 2012	42.993
March 20, 2012	42.952
March 21, 2012	42.994
March 22, 2012	43.06
March 23, 2012	43.12
March 24, 2012	43.052
March 25, 2012	42.89
March 26, 2012	42.824
March 27, 2012	42.87
March 28, 2012	42.914
March 29, 2012	43.016
March 30, 2012	43
March 31, 2012	42.932
April 01, 2012	42.909
April 02, 2012	42.909
April 03, 2012	42.672
April 04, 2012	42.6
April 06, 2012	42.75
April 08, 2012	42.75
April 09, 2012	42.618
April 11, 2012	42.852
April 12, 2012	42.73
April 13, 2012	42.713
April 14, 2012	42.58
April 15, 2012	42.602
April 16, 2012	42.939
April 17, 2012	42.773
April 18, 2012	42.657
April 19, 2012	42.602
April 21, 2012	42.55
April 25, 2012	42.75
April 26, 2012	42.6
April 27, 2012	42.41
April 28, 2012	42.28
April 29, 2012	42.25
April 30, 2012	42.218
May 01, 2012	42.218
May 02, 2012	42.08
May 03, 2012	42.08
May 05, 2012	42.28
May 06, 2012	42.502
May 07, 2012	42.287
May 09, 2012	42.35
May 10, 2012	42.57
May 11, 2012	42.38
May 12, 2012	42.478
May 13, 2012	42.505
May 14, 2012	42.47
May 15, 2012	42.837
May 16, 2012	42.769
May 17, 2012	43.001
May 18, 2012	42.87
May 19, 2012	43.1
May 20, 2012	43.115
May 21, 2012	43.115
May 22, 2012	43.15
May 23, 2012	43.15
May 24, 2012	43.532
May 25, 2012	43.629
May 26, 2012	43.777
May 27, 2012	43.767
May 28, 2012	43.764
May 29, 2012	43.524
May 30, 2012	43.332
May 31, 2012	43.531
June 01, 2012	43.426
June 02, 2012	43.452
June 03, 2012	43.447
June 04, 2012	43.449
June 05, 2012	43.51
June 06, 2012	43.477
June 07, 2012	43.12
June 08, 2012	43.158
June 09, 2012	43.273
June 10, 2012	43.075
June 11, 2012	43.248
June 12, 2012	43.31
June 13, 2012	42.8
June 14, 2012	42.5
June 15, 2012	42.47
June 16, 2012	42.28
June 17, 2012	42.248
June 18, 2012	42.248
June 19, 2012	42.277
June 20, 2012	42.273
June 21, 2012	42.199
June 22, 2012	42.53
June 23, 2012	42.459
June 24, 2012	42.46
June 25, 2012	42.436
June 26, 2012	42.652
June 27, 2012	42.483
June 28, 2012	42.373
June 29, 2012	42.374
June 30, 2012	41.926
July 01, 2012	41.918
July 02, 2012	41.918
July 03, 2012	41.88
July 04, 2012	41.678
July 05, 2012	41.65
July 06, 2012	41.7
July 07, 2012	41.849
July 08, 2012	42.151
July 09, 2012	42.151
July 10, 2012	42
July 11, 2012	41.872
July 12, 2012	41.897
July 13, 2012	42.118
July 14, 2012	41.8
July 15, 2012	41.965
July 16, 2012	41.965
July 17, 2012	41.78
July 18, 2012	41.75
July 19, 2012	41.716
July 20, 2012	41.725
July 21, 2012	41.896
July 22, 2012	41.924
July 23, 2012	41.924
July 24, 2012	41.972
July 25, 2012	42.03
July 26, 2012	42.085
July 27, 2012	42.175
July 28, 2012	41.981
July 29, 2012	41.975
July 30, 2012	41.955
July 31, 2012	41.876
August 01, 2012	41.772
August 02, 2012	41.76
August 03, 2012	41.888
August 04, 2012	41.902
August 05, 2012	41.795
August 06, 2012	41.795
August 07, 2012	41.825
August 08, 2012	41.875
August 09, 2012	41.74
August 10, 2012	41.759
August 11, 2012	41.812
August 12, 2012	41.855
August 13, 2012	41.855
August 14, 2012	41.855
August 15, 2012	41.998
August 16, 2012	42.25
August 17, 2012	42.314
August 18, 2012	42.399
August 20, 2012	42.41
August 21, 2012	42.467
August 22, 2012	42.246
August 23, 2012	42.341
August 24, 2012	42.165
August 25, 2012	42.244
August 26, 2012	42.227
August 27, 2012	42.227
August 28, 2012	42.24
August 29, 2012	42.329
August 30, 2012	42.359
August 31, 2012	42.294
September 01, 2012	42.127
September 02, 2012	42.137
September 03, 2012	42.13
September 04, 2012	41.94
September 05, 2012	41.908
September 06, 2012	41.952
September 07, 2012	41.747
September 08, 2012	41.54
September 09, 2012	41.54
September 10, 2012	41.54
September 11, 2012	41.572
September 12, 2012	41.529
September 13, 2012	41.54
September 14, 2012	41.75
September 15, 2012	41.289
September 16, 2012	41.408
September 17, 2012	41.395
September 18, 2012	41.664
September 19, 2012	41.794
September 20, 2012	41.624
September 21, 2012	41.731
September 22, 2012	41.64
September 23, 2012	41.659
September 25, 2012	41.748
September 26, 2012	41.7
September 27, 2012	41.9
September 28, 2012	41.81
September 29, 2012	41.77
September 30, 2012	41.672
October 01, 2012	41.672
October 02, 2012	41.707
October 03, 2012	41.6
October 04, 2012	41.602
October 05, 2012	41.49
October 06, 2012	41.372
October 07, 2012	41.465
October 08, 2012	41.349
October 09, 2012	41.524
October 10, 2012	41.462
October 11, 2012	41.557
October 12, 2012	41.591
October 13, 2012	41.408
October 14, 2012	41.415
October 15, 2012	41.41
October 16, 2012	41.413
October 17, 2012	41.369
October 18, 2012	41.1
October 19, 2012	41.28
October 20, 2012	41.377
October 21, 2012	41.326
October 22, 2012	41.318
October 23, 2012	41.33
October 24, 2012	41.389
October 25, 2012	41.46
October 26, 2012	41.222
October 27, 2012	41.327
October 28, 2012	41.281
October 29, 2012	41.281
October 30, 2012	41.282
October 31, 2012	41.182
November 01, 2012	41.11
November 02, 2012	41.12
November 03, 2012	41.1
November 04, 2012	41.107
November 05, 2012	41.1
November 06, 2012	41.269
November 07, 2012	41.204
November 08, 2012	40.95
November 09, 2012	41.063
November 10, 2012	41.183
November 11, 2012	41.076
November 12, 2012	41.115
November 13, 2012	41.117
November 14, 2012	41.13
November 15, 2012	41.077
November 16, 2012	41.17
November 17, 2012	41.326
November 18, 2012	41.292
November 19, 2012	41.292
November 20, 2012	41.298
November 21, 2012	41.184
November 22, 2012	41.098
November 23, 2012	41.07
November 24, 2012	40.9
November 25, 2012	41.061
November 26, 2012	41.061
November 27, 2012	41.0115
November 28, 2012	40.77
November 29, 2012	40.9
November 30, 2012	40.78
December 01, 2012	40.77
December 02, 2012	40.7575
December 03, 2012	40.7575
December 04, 2012	40.802
December 05, 2012	40.908
December 06, 2012	40.88
December 07, 2012	40.925
December 08, 2012	40.938
December 09, 2012	40.965
December 10, 2012	40.96
December 11, 2012	40.9
December 12, 2012	40.8965
December 13, 2012	40.9685
December 14, 2012	41.097
December 15, 2012	41.053
December 16, 2012	41.13
December 17, 2012	41.13
December 18, 2012	41.053
December 19, 2012	41.0005
December 20, 2012	41.08
December 21, 2012	41.0745
December 22, 2012	41.11
December 23, 2012	41.12
December 24, 2012	41.12
December 25, 2012	41.1085
December 26, 2012	41.13
December 27, 2012	41.1715
December 28, 2012	41.125
December 29, 2012	41.0695
December 30, 2012	41.0855
December 31, 2012	41.0855
January 01, 2013	41.014
January 02, 2013	41.1125
January 03, 2013	40.85
January 04, 2013	40.725
January 05, 2013	40.852
January 06, 2013	40.8825
January 07, 2013	40.87
January 08, 2013	40.8
January 09, 2013	40.8
January 10, 2013	40.751
January 11, 2013	40.7145
January 12, 2013	40.574
January 13, 2013	40.6135
January 14, 2013	40.6135
January 15, 2013	40.6355
January 16, 2013	40.57
January 17, 2013	40.7215
January 18, 2013	40.594
January 19, 2013	40.55
January 20, 2013	40.5525
January 21, 2013	40.722
January 22, 2013	40.6815
January 23, 2013	40.599
January 24, 2013	40.6645
January 25, 2013	40.6195
January 26, 2013	40.8215
January 27, 2013	40.6915
January 28, 2013	40.7
January 29, 2013	40.9335
January 30, 2013	40.7355
January 31, 2013	40.6405
February 01, 2013	40.7075
February 02, 2013	40.675
February 03, 2013	40.625
February 04, 2013	40.674
February 05, 2013	40.5945
February 06, 2013	40.65
February 07, 2013	40.74
February 08, 2013	40.645
February 09, 2013	40.7185
February 10, 2013	40.714
February 11, 2013	40.714
February 12, 2013	40.7145
February 13, 2013	40.7045
February 14, 2013	40.651
February 15, 2013	40.65
February 16, 2013	40.6195
February 17, 2013	40.615
February 18, 2013	40.5925
February 19, 2013	40.6655
February 20, 2013	40.657
February 21, 2013	40.65
February 22, 2013	40.75
February 23, 2013	40.748
February 24, 2013	40.727
February 25, 2013	40.727
February 26, 2013	40.6935
February 27, 2013	40.722
February 28, 2013	40.7335
March 01, 2013	40.6765
March 02, 2013	40.6635
March 03, 2013	40.682
March 04, 2013	40.682
March 05, 2013	40.75
March 06, 2013	40.753
March 07, 2013	40.77
March 08, 2013	40.666
March 09, 2013	40.625
March 10, 2013	40.72
March 11, 2013	40.6985
March 12, 2013	40.6995
March 13, 2013	40.628
March 14, 2013	40.586
March 15, 2013	40.609
March 16, 2013	40.55
March 17, 2013	40.57
March 18, 2013	40.568
March 19, 2013	40.6415
March 20, 2013	40.615
March 21, 2013	40.72
March 22, 2013	40.72
March 23, 2013	40.83
March 24, 2013	40.8825
March 25, 2013	40.8825
March 26, 2013	40.8505
March 27, 2013	41.0305
March 28, 2013	40.8105
March 29, 2013	40.853
March 30, 2013	40.85
March 31, 2013	40.827
April 01, 2013	40.827
April 02, 2013	40.855
April 03, 2013	40.7985
April 04, 2013	40.8965
April 05, 2013	41.3185
April 06, 2013	41.1755
April 07, 2013	41.17
April 08, 2013	41.435
April 09, 2013	41.2735
April 10, 2013	41.1545
April 11, 2013	40.907
April 12, 2013	40.9715
April 13, 2013	41.2585
April 14, 2013	41.35
April 15, 2013	41.35
April 16, 2013	41.169
April 17, 2013	41.3215
April 18, 2013	41.358
April 19, 2013	41.2235
April 20, 2013	41.1185
April 21, 2013	41.119
April 22, 2013	41.1225
April 23, 2013	41.276
April 24, 2013	41.3975
April 25, 2013	41.307
April 26, 2013	41.25
April 27, 2013	41.25
April 28, 2013	41.2355
April 29, 2013	41.245
April 30, 2013	41.0985
May 01, 2013	41.118
May 02, 2013	41.1705
May 03, 2013	40.949
May 04, 2013	40.85
May 05, 2013	40.8625
May 06, 2013	40.8625
May 07, 2013	40.953
May 08, 2013	40.7985
May 09, 2013	40.72
May 10, 2013	40.7785
May 11, 2013	41.1235
May 12, 2013	41.1295
May 13, 2013	41.1295
May 14, 2013	41.1215
May 15, 2013	41.136
May 16, 2013	41.2225
May 17, 2013	41.225
May 18, 2013	41.215
May 19, 2013	41.2065
May 20, 2013	41.2065
May 21, 2013	41.2125
May 22, 2013	41.225
May 23, 2013	41.2785
May 24, 2013	41.7
May 25, 2013	41.718
May 26, 2013	41.627
May 27, 2013	41.627
May 28, 2013	41.642
May 29, 2013	41.9405
May 30, 2013	42.488
May 31, 2013	42.273
June 01, 2013	42.3115
June 02, 2013	42.305
June 03, 2013	42.249
June 04, 2013	41.7975
June 05, 2013	41.792
June 06, 2013	42.049
June 07, 2013	42.0655
June 08, 2013	42.3025
June 09, 2013	42.453
June 10, 2013	42.3085
June 11, 2013	42.8785
June 12, 2013	43.084
June 13, 2013	43.0415
June 14, 2013	42.9985
June 15, 2013	42.8205
June 16, 2013	42.727
June 17, 2013	42.82
June 18, 2013	42.825
June 19, 2013	43.251
June 20, 2013	43.043
June 21, 2013	43.7505
June 22, 2013	43.867
June 23, 2013	43.9085
June 25, 2013	43.8895
June 26, 2013	43.335
June 27, 2013	43.352
June 28, 2013	43.3185
June 29, 2013	43.0985
June 30, 2013	43.1215
July 01, 2013	43.1
July 02, 2013	43.15
July 03, 2013	43.347
July 04, 2013	43.474
July 05, 2013	43.402
July 06, 2013	43.7055
July 07, 2013	43.473
July 08, 2013	43.473
July 09, 2013	43.6065
July 10, 2013	43.4675
July 11, 2013	43.435
July 12, 2013	43.28
July 13, 2013	43.375
July 14, 2013	43.375
July 15, 2013	43.3865
July 16, 2013	43.455
July 17, 2013	43.1355
July 18, 2013	43.295
July 19, 2013	43.3585
July 20, 2013	43.29
July 21, 2013	43.267
July 22, 2013	43.267
July 23, 2013	43.199
July 24, 2013	43.1365
July 25, 2013	43.255
July 26, 2013	43.22
July 27, 2013	43.274
July 28, 2013	43.234
July 29, 2013	43.275
July 30, 2013	43.2575
July 31, 2013	43.405
August 01, 2013	43.46
August 02, 2013	43.6105
August 03, 2013	43.65
August 04, 2013	43.6485
August 05, 2013	43.6485
August 06, 2013	43.5215
August 07, 2013	43.435
August 08, 2013	43.715
August 09, 2013	43.473
August 10, 2013	43.49
August 11, 2013	43.485
August 12, 2013	43.485
August 13, 2013	43.675
August 14, 2013	43.818
August 15, 2013	43.63
August 16, 2013	43.8375
August 17, 2013	43.6275
August 18, 2013	43.634
August 19, 2013	43.625
August 20, 2013	43.7085
August 21, 2013	43.7755
August 22, 2013	44.004
August 23, 2013	44.175
August 24, 2013	44.204
August 25, 2013	44.2
August 26, 2013	44.194
August 27, 2013	44.175
August 28, 2013	44.71
August 29, 2013	44.5735
August 30, 2013	44.5515
August 31, 2013	44.58
September 01, 2013	44.555
September 02, 2013	44.5535
September 03, 2013	44.31
September 04, 2013	44.482
September 05, 2013	44.2695
September 06, 2013	44.505
September 07, 2013	44.2
September 08, 2013	44.365
September 09, 2013	44.369
September 10, 2013	43.91
September 11, 2013	43.679
September 12, 2013	43.6155
September 13, 2013	43.701
September 14, 2013	43.771
September 15, 2013	43.7665
September 16, 2013	43.7665
September 17, 2013	43.51
September 18, 2013	43.527
September 19, 2013	43.399
September 20, 2013	43.1935
September 21, 2013	43.1175
September 22, 2013	43.118
September 23, 2013	43.12
September 24, 2013	43.3
September 25, 2013	43.365
September 26, 2013	43.3485
September 27, 2013	43.319
September 28, 2013	43.325
September 29, 2013	43.322
September 30, 2013	43.322
October 01, 2013	43.621
October 02, 2013	43.2735
October 03, 2013	43.395
October 04, 2013	43.065
October 05, 2013	43.1315
October 06, 2013	43.3145
October 07, 2013	43.165
October 08, 2013	43.0905
October 09, 2013	43.095
October 10, 2013	43.2
October 11, 2013	43.1495
October 12, 2013	42.935
October 13, 2013	43.0005
October 14, 2013	43.0005
October 15, 2013	43.1385
October 16, 2013	43.0635
October 17, 2013	43.155
October 18, 2013	43.015
October 19, 2013	43.08
October 20, 2013	43.0855
October 21, 2013	43.0965
October 22, 2013	43.175
October 23, 2013	43.065
October 24, 2013	43.0615
October 25, 2013	43.0765
October 26, 2013	43.0485
October 27, 2013	43.0765
October 28, 2013	43.0705
October 29, 2013	43.08
October 30, 2013	43.131
October 31, 2013	43.124
November 01, 2013	43.265
November 02, 2013	43.36
November 03, 2013	43.3585
November 04, 2013	43.3585
November 05, 2013	43.33
November 06, 2013	43.287
November 07, 2013	43.225
November 08, 2013	43.249
November 09, 2013	43.32
November 10, 2013	43.2245
November 11, 2013	43.2245
November 12, 2013	43.56
November 13, 2013	43.795
November 14, 2013	43.6
November 15, 2013	43.595
November 16, 2013	43.564
November 17, 2013	43.553
November 18, 2013	43.5585
November 19, 2013	43.5145
November 20, 2013	43.488
November 21, 2013	43.6255
November 22, 2013	43.835
November 23, 2013	43.9055
November 24, 2013	43.9035
November 25, 2013	43.9035
November 26, 2013	43.86
November 27, 2013	43.6975
November 28, 2013	43.73
November 29, 2013	43.727
November 30, 2013	43.665
December 01, 2013	43.657
December 02, 2013	43.657
December 03, 2013	43.745
December 04, 2013	43.782
December 05, 2013	43.897
December 06, 2013	43.903
December 07, 2013	43.895
December 08, 2013	43.9585
December 09, 2013	43.9635
December 10, 2013	44.1155
December 11, 2013	44.225
December 12, 2013	44.155
December 13, 2013	44.1585
December 14, 2013	44.1865
December 15, 2013	44.15
December 16, 2013	44.134
December 17, 2013	44.078
December 18, 2013	44.244
December 19, 2013	44.289
December 20, 2013	44.5295
December 21, 2013	44.503
December 22, 2013	44.4815
December 23, 2013	44.475
December 24, 2013	44.39
December 25, 2013	44.428
December 26, 2013	44.315
December 27, 2013	44.465
December 28, 2013	44.376
December 29, 2013	44.3655
December 30, 2013	44.3655
December 31, 2013	44.4005
January 01, 2014	44.403
January 02, 2014	44.392
January 03, 2014	44.492
January 04, 2014	44.703
January 05, 2014	44.7155
January 06, 2014	44.7155
January 07, 2014	44.565
January 08, 2014	44.708
January 09, 2014	44.7
January 10, 2014	44.658
January 11, 2014	44.59
January 12, 2014	44.562
January 13, 2014	44.562
January 14, 2014	44.61
January 15, 2014	44.76
January 16, 2014	45.123
January 17, 2014	45.177
January 18, 2014	45.1445
January 19, 2014	45.088
January 20, 2014	45.265
January 21, 2014	45.1515
January 22, 2014	45.459
January 23, 2014	45.305
January 24, 2014	45.3725
January 25, 2014	45.4465
January 26, 2014	45.445
January 27, 2014	45.4465
January 28, 2014	45.3555
January 29, 2014	45.225
January 30, 2014	45.353
January 31, 2014	45.245
February 01, 2014	45.35
February 02, 2014	45.3735
February 03, 2014	45.3735
February 04, 2014	45.407
February 05, 2014	45.313
February 06, 2014	45.244
February 07, 2014	45.08
February 08, 2014	45.075
February 09, 2014	45
February 10, 2014	45.008
February 11, 2014	45.009
February 12, 2014	44.974
February 13, 2014	44.73
February 14, 2014	44.898
February 15, 2014	44.47
February 16, 2014	44.6045
February 17, 2014	44.6045
February 18, 2014	44.314
February 19, 2014	44.6
February 20, 2014	44.564
February 21, 2014	44.673
February 22, 2014	44.5685
February 23, 2014	44.577
February 24, 2014	44.5685
February 25, 2014	44.535
February 26, 2014	44.606
February 27, 2014	44.605
February 28, 2014	44.654
March 01, 2014	44.645
March 02, 2014	44.6695
March 03, 2014	44.6695
March 04, 2014	44.767
March 05, 2014	44.805
March 06, 2014	44.766
March 07, 2014	44.449
March 08, 2014	44.405
March 09, 2014	44.3725
March 10, 2014	44.395
March 11, 2014	44.501
March 12, 2014	44.535
March 13, 2014	44.585
March 14, 2014	44.6765
March 15, 2014	44.692
March 16, 2014	44.71
March 17, 2014	44.6905
March 18, 2014	44.63
March 19, 2014	44.791
March 20, 2014	44.8925
March 21, 2014	45.3
March 22, 2014	45.286
March 23, 2014	45.1985
March 24, 2014	45.1985
March 25, 2014	45.094
March 26, 2014	45.11
March 27, 2014	44.87
March 28, 2014	44.925
March 29, 2014	44.702
March 30, 2014	44.775
March 31, 2014	44.775
April 01, 2014	44.7595
April 02, 2014	44.733
April 03, 2014	44.951
April 04, 2014	45.035
April 05, 2014	44.8135
April 06, 2014	44.9865
April 07, 2014	44.9725
April 08, 2014	44.872
April 09, 2014	44.6435
April 10, 2014	44.516
April 11, 2014	44.374
April 12, 2014	44.376
April 13, 2014	44.4505
April 14, 2014	44.4235
April 15, 2014	44.45
April 16, 2014	44.5745
April 17, 2014	44.345
April 18, 2014	44.3435
April 19, 2014	44.345
April 20, 2014	44.3485
April 21, 2014	44.345
April 22, 2014	44.455
April 23, 2014	44.482
April 24, 2014	44.8085
April 25, 2014	44.775
April 26, 2014	44.565
April 27, 2014	44.615
April 28, 2014	44.615
April 29, 2014	44.502
April 30, 2014	44.4115
May 01, 2014	44.5
May 02, 2014	44.445
May 03, 2014	44.515
May 04, 2014	44.525
May 05, 2014	44.505
May 06, 2014	44.44
May 07, 2014	44.235
May 08, 2014	44.2055
May 09, 2014	44.0425
May 10, 2014	43.535
May 11, 2014	43.65
May 12, 2014	43.65
May 13, 2014	43.717
May 14, 2014	43.68
May 15, 2014	43.58
May 16, 2014	43.829
May 17, 2014	43.73
May 18, 2014	43.75
May 19, 2014	43.797
May 20, 2014	43.6485
May 21, 2014	43.7305
May 22, 2014	43.783
May 23, 2014	43.592
May 24, 2014	43.63
May 25, 2014	43.625
May 26, 2014	43.625
May 27, 2014	43.6855
May 28, 2014	43.815
May 29, 2014	43.915
May 30, 2014	43.8485
May 31, 2014	43.855
June 01, 2014	43.855
June 02, 2014	43.855
June 03, 2014	43.9035
June 04, 2014	43.876
June 05, 2014	43.926
June 06, 2014	43.62
June 07, 2014	43.485
June 08, 2014	43.515
June 09, 2014	43.5215
June 10, 2014	43.62
June 11, 2014	43.724
June 12, 2014	43.8005
June 13, 2014	43.7945
June 14, 2014	43.885
June 15, 2014	43.885
June 16, 2014	43.885
June 17, 2014	43.8815
June 18, 2014	44.039
June 19, 2014	43.9965
June 20, 2014	43.775
June 21, 2014	43.8
June 22, 2014	43.895
June 23, 2014	43.895
June 24, 2014	43.855
June 25, 2014	43.866
June 26, 2014	43.8555
June 27, 2014	43.865
June 28, 2014	43.729
June 29, 2014	43.735
June 30, 2014	43.735
July 01, 2014	43.615
July 02, 2014	43.6075
July 03, 2014	43.641
July 04, 2014	43.5635
July 05, 2014	43.5005
July 06, 2014	43.5
July 07, 2014	43.5
July 08, 2014	43.5265
July 09, 2014	43.3835
July 10, 2014	43.322
July 11, 2014	43.4515
July 12, 2014	43.4765
July 13, 2014	43.475
July 14, 2014	43.475
July 15, 2014	43.514
July 16, 2014	43.666
July 17, 2014	43.634
July 18, 2014	43.628
July 19, 2014	43.476
July 20, 2014	43.525
July 21, 2014	43.5315
July 22, 2014	43.319
July 23, 2014	43.29
July 24, 2014	43.214
July 25, 2014	43.3785
July 26, 2014	43.3235
July 27, 2014	43.3285
July 28, 2014	43.325
July 29, 2014	43.3515
July 30, 2014	43.42
July 31, 2014	43.505
August 01, 2014	43.623
August 02, 2014	43.6945
August 03, 2014	43.6955
August 04, 2014	43.705
August 05, 2014	43.692
August 06, 2014	43.686
August 07, 2014	43.826
August 08, 2014	44.015
August 09, 2014	43.94
August 10, 2014	43.98
August 11, 2014	43.978
August 12, 2014	43.877
August 13, 2014	43.906
August 14, 2014	43.935
August 15, 2014	43.592
August 16, 2014	43.705
August 17, 2014	43.647
August 18, 2014	43.65
August 19, 2014	43.71
August 20, 2014	43.7085
August 21, 2014	43.865
August 22, 2014	43.874
August 23, 2014	43.8605
August 25, 2014	43.86
August 26, 2014	43.8585
August 27, 2014	43.81
August 28, 2014	43.658
August 29, 2014	43.747
August 30, 2014	43.666
August 31, 2014	43.686
September 01, 2014	43.6865
September 02, 2014	43.5045
September 03, 2014	43.65
September 04, 2014	43.595
September 05, 2014	43.611
September 06, 2014	43.5615
September 08, 2014	43.562
September 09, 2014	43.675
September 10, 2014	43.774
September 11, 2014	43.9175
September 12, 2014	43.827
September 13, 2014	43.975
September 14, 2014	43.975
September 15, 2014	44.265
September 16, 2014	44.275
September 17, 2014	44.275
September 18, 2014	44.336
September 19, 2014	44.5705
September 20, 2014	44.575
September 21, 2014	44.545
September 22, 2014	44.545
September 23, 2014	44.596
September 24, 2014	44.539
September 26, 2014	44.765
September 27, 2014	45.014
September 28, 2014	45.024
September 29, 2014	44.933
September 30, 2014	45.0455
October 01, 2014	44.933
October 02, 2014	44.851
October 03, 2014	44.97
October 04, 2014	44.97
October 05, 2014	44.97
October 06, 2014	44.775
October 07, 2014	44.75
October 08, 2014	44.75
October 09, 2014	44.824
October 10, 2014	44.755
October 11, 2014	44.835
October 12, 2014	44.79
October 13, 2014	44.7615
October 14, 2014	44.7545
October 15, 2014	44.796
October 16, 2014	44.872
October 17, 2014	44.8985
October 18, 2014	44.84
October 19, 2014	44.826
October 20, 2014	44.8245
October 21, 2014	44.825
October 22, 2014	44.7815
October 23, 2014	44.7735
October 24, 2014	44.842
October 25, 2014	44.7575
October 26, 2014	44.8135
October 27, 2014	44.8135
October 28, 2014	44.789
October 29, 2014	44.746
October 30, 2014	44.706
October 31, 2014	44.7955
November 01, 2014	44.971
November 02, 2014	45.156
November 03, 2014	45.156
November 04, 2014	45.055
November 05, 2014	44.994
November 06, 2014	45.09
November 07, 2014	45.009
November 08, 2014	44.908
November 09, 2014	44.8685
November 10, 2014	44.8685
November 11, 2014	44.9
November 12, 2014	44.9165
November 13, 2014	44.8695
November 14, 2014	44.8335
November 15, 2014	44.991
November 16, 2014	44.9315
November 17, 2014	44.9315
November 18, 2014	44.9605
November 19, 2014	44.9855
November 20, 2014	45.214
November 21, 2014	45.0995
November 22, 2014	44.923
November 23, 2014	44.933
November 24, 2014	44.933
November 25, 2014	44.99
November 26, 2014	44.94
November 27, 2014	44.966
November 28, 2014	44.8635
November 29, 2014	44.9835
November 30, 2014	44.9245
December 01, 2014	44.9245
December 02, 2014	44.829
December 03, 2014	44.81
December 04, 2014	44.622
December 05, 2014	44.546
December 06, 2014	44.666
December 07, 2014	44.685
December 08, 2014	44.685
December 09, 2014	44.705
December 10, 2014	44.51
December 11, 2014	44.584
December 12, 2014	44.477
December 13, 2014	44.5235
December 14, 2014	44.5445
December 15, 2014	44.568
December 16, 2014	44.71
December 17, 2014	44.703
December 18, 2014	44.794
December 19, 2014	44.7315
December 20, 2014	44.687
December 21, 2014	44.765
December 22, 2014	44.765
December 23, 2014	44.604
December 24, 2014	44.685
December 25, 2014	44.675
December 26, 2014	44.7
December 27, 2014	44.7
December 28, 2014	44.68
December 29, 2014	44.68
December 30, 2014	44.7
December 31, 2014	44.735
January 04, 2015	44.88
January 05, 2015	44.88
January 06, 2015	45.055
January 07, 2015	44.95
January 08, 2015	45.116
January 09, 2015	44.903
January 10, 2015	44.885
January 11, 2015	44.8785
January 12, 2015	44.8785
January 13, 2015	44.865
January 14, 2015	44.676
January 15, 2015	44.65
January 16, 2015	44.5905
January 17, 2015	44.61
January 18, 2015	44.6365
January 19, 2015	44.6365
January 20, 2015	44.556
January 21, 2015	44.548
January 22, 2015	44.337
January 23, 2015	44.122
January 24, 2015	43.94
January 25, 2015	44.1445
January 26, 2015	44.1445
January 27, 2015	44.0565
January 28, 2015	44.035
January 29, 2015	44.15
January 30, 2015	44.025
January 31, 2015	44.175
February 01, 2015	44.195
February 02, 2015	44.195
February 03, 2015	44.1
February 04, 2015	43.98
February 05, 2015	44.15
February 06, 2015	44.11
February 07, 2015	44.335
February 08, 2015	44.246
February 09, 2015	44.246
February 10, 2015	44.4075
February 11, 2015	44.415
February 12, 2015	44.4765
February 13, 2015	44.267
February 14, 2015	44.265
February 15, 2015	44.25
February 16, 2015	44.3415
February 17, 2015	44.235
February 18, 2015	44.215
February 19, 2015	44.22
February 20, 2015	44.185
February 21, 2015	44.215
February 22, 2015	44.25
February 23, 2015	44.25
February 24, 2015	44.2945
February 25, 2015	44.12
February 26, 2015	44.075
February 27, 2015	43.98
February 28, 2015	44.086
March 01, 2015	44.1
March 02, 2015	44.1
March 03, 2015	44.1155
March 04, 2015	44.085
March 05, 2015	44.155
March 06, 2015	44.15
March 07, 2015	44.273
March 08, 2015	44.305
March 09, 2015	44.305
March 10, 2015	44.2155
March 11, 2015	44.34
March 12, 2015	44.324
March 13, 2015	44.2515
March 14, 2015	44.395
March 15, 2015	44.3295
March 16, 2015	44.3295
March 17, 2015	44.385
March 18, 2015	44.705
March 19, 2015	44.855
March 20, 2015	44.99
March 21, 2015	44.8235
March 22, 2015	44.8645
March 23, 2015	44.8645
March 24, 2015	44.665
March 25, 2015	44.79
March 26, 2015	44.765
March 27, 2015	44.855
March 28, 2015	44.775
March 29, 2015	44.8155
March 30, 2015	44.8155
March 31, 2015	44.735
April 01, 2015	44.689
April 02, 2015	44.506
April 03, 2015	44.38
April 04, 2015	44.34
April 05, 2015	44.0425
April 06, 2015	44.0425
April 07, 2015	44.395
April 08, 2015	44.5145
April 09, 2015	44.495
April 10, 2015	44.49
April 11, 2015	44.55
April 12, 2015	44.6085
April 13, 2015	44.6085
April 14, 2015	44.71
April 15, 2015	44.525
April 16, 2015	44.3955
April 17, 2015	44.3655
April 18, 2015	44.28
April 19, 2015	44.257
April 20, 2015	44.257
April 21, 2015	44.22
April 22, 2015	44.2
April 23, 2015	44.205
April 24, 2015	44.205
April 25, 2015	44.2
April 26, 2015	44.201
April 27, 2015	44.201
April 28, 2015	44.21
April 29, 2015	44.2245
April 30, 2015	44.27
May 01, 2015	44.575
May 02, 2015	44.619
May 03, 2015	44.71
May 04, 2015	44.71
May 05, 2015	44.615
May 06, 2015	44.57
May 07, 2015	44.535
May 08, 2015	44.665
May 09, 2015	44.5565
May 10, 2015	44.567
May 11, 2015	44.567
May 12, 2015	44.82
May 13, 2015	44.798
May 14, 2015	44.5905
May 15, 2015	44.4585
May 16, 2015	44.4145
May 17, 2015	44.404
May 18, 2015	44.404
May 19, 2015	44.4815
May 20, 2015	44.5985
May 21, 2015	44.557
May 22, 2015	44.5105
May 23, 2015	44.59
May 24, 2015	44.645
May 25, 2015	44.645
May 26, 2015	44.5715
May 27, 2015	44.7835
May 28, 2015	44.665
May 29, 2015	44.565
May 30, 2015	44.519
May 31, 2015	44.5465
June 01, 2015	44.5465
June 02, 2015	44.584
June 03, 2015	44.605
June 04, 2015	44.8125
June 05, 2015	44.91
June 06, 2015	45.104
June 07, 2015	45.09
June 08, 2015	45.09
June 09, 2015	45.11
June 10, 2015	45.035
June 11, 2015	44.9955
June 12, 2015	45.27
June 13, 2015	45.193
June 14, 2015	45.305
June 15, 2015	45.305
June 16, 2015	45.206
June 17, 2015	45.1635
June 18, 2015	45.16
June 19, 2015	44.885
June 20, 2015	45.015
June 21, 2015	44.995
June 22, 2015	44.995
June 23, 2015	44.955
June 24, 2015	45.083
June 25, 2015	45.132
June 26, 2015	45.0755
June 27, 2015	45.115
June 28, 2015	45.115
June 29, 2015	45.115
June 30, 2015	45.076
July 01, 2015	45.08
July 02, 2015	45.173
July 03, 2015	45.143
July 04, 2015	45.0465
July 05, 2015	45.032
July 06, 2015	45.065
July 07, 2015	45.1
July 08, 2015	45.22
July 09, 2015	45.2255
July 10, 2015	45.1585
July 11, 2015	45.085
July 12, 2015	45.0875
July 13, 2015	45.075
July 14, 2015	45.1705
July 15, 2015	45.185
July 16, 2015	45.315
July 17, 2015	45.205
July 18, 2015	45.2355
July 19, 2015	45.225
July 20, 2015	45.225
July 21, 2015	45.3375
July 22, 2015	45.194
July 23, 2015	45.2495
July 24, 2015	45.35
July 25, 2015	45.485
July 26, 2015	45.565
July 27, 2015	45.565
July 28, 2015	45.557
July 29, 2015	45.475
July 30, 2015	45.445
July 31, 2015	45.69
August 01, 2015	45.661
August 02, 2015	45.6715
August 03, 2015	45.6715
August 04, 2015	45.7245
August 05, 2015	45.72
August 06, 2015	45.6765
August 07, 2015	45.7515
August 08, 2015	45.821
August 09, 2015	45.8
August 10, 2015	45.8
August 11, 2015	45.735
August 12, 2015	46.208
August 13, 2015	46.1585
August 14, 2015	46.205
August 15, 2015	46.175
August 16, 2015	46.185
August 17, 2015	46.185
August 18, 2015	46.3605
August 19, 2015	46.31
August 20, 2015	46.29
August 21, 2015	46.579
August 22, 2015	46.664
August 23, 2015	46.656
August 24, 2015	46.656
August 25, 2015	46.717
August 26, 2015	46.625
August 27, 2015	46.657
August 28, 2015	46.675
August 29, 2015	46.836
August 30, 2015	46.78
August 31, 2015	46.78
September 01, 2015	46.74
September 02, 2015	46.735
September 03, 2015	46.77
September 04, 2015	46.779
September 05, 2015	46.97
September 06, 2015	46.9395
September 07, 2015	46.9395
September 08, 2015	47.032
September 09, 2015	46.8775
September 10, 2015	46.895
September 11, 2015	46.835
September 12, 2015	46.71
September 13, 2015	46.7315
September 14, 2015	46.7315
September 15, 2015	46.7765
September 16, 2015	46.7265
September 17, 2015	46.6575
September 18, 2015	46.385
September 19, 2015	46.43
September 20, 2015	46.512
September 21, 2015	46.512
September 22, 2015	46.533
September 23, 2015	46.665
September 24, 2015	46.915
September 25, 2015	46.9065
September 26, 2015	46.725
September 27, 2015	46.766
September 28, 2015	46.766
September 29, 2015	46.7955
September 30, 2015	46.8225
October 01, 2015	46.786
October 02, 2015	46.753
October 03, 2015	46.617
October 04, 2015	46.5935
October 05, 2015	46.5935
October 06, 2015	46.455
October 07, 2015	46.355
October 08, 2015	46.018
October 09, 2015	46.059
October 10, 2015	45.695
October 11, 2015	45.689
October 12, 2015	45.689
October 13, 2015	45.69
October 14, 2015	46.038
October 15, 2015	45.915
October 16, 2015	45.8345
October 17, 2015	46.039
October 18, 2015	45.995
October 19, 2015	45.995
October 20, 2015	46.1685
October 21, 2015	46.299
October 22, 2015	46.505
October 23, 2015	46.517
October 24, 2015	46.63
October 25, 2015	46.602
October 26, 2015	46.625
October 27, 2015	46.545
October 28, 2015	46.765
October 29, 2015	46.8
October 30, 2015	47
October 31, 2015	46.785
November 01, 2015	46.7355
November 02, 2015	46.7355
November 03, 2015	46.817
November 04, 2015	46.841
November 05, 2015	46.819
November 06, 2015	46.88
November 07, 2015	47.171
November 08, 2015	47.1515
November 09, 2015	47.1515
November 10, 2015	47.24
November 11, 2015	47.295
November 12, 2015	47.1
November 13, 2015	47.021
November 14, 2015	47.155
November 15, 2015	47.085
November 16, 2015	47.085
November 17, 2015	47.204
November 18, 2015	47.155
November 19, 2015	47.1865
November 20, 2015	46.9905
November 21, 2015	47.002
November 22, 2015	46.982
November 23, 2015	46.982
November 24, 2015	47.117
November 25, 2015	47.055
November 26, 2015	47.0465
November 27, 2015	47.155
November 28, 2015	47.192
November 29, 2015	47.193
November 30, 2015	47.193
December 01, 2015	47.172
December 02, 2015	47.145
December 03, 2015	47.2345
December 04, 2015	47.042
December 05, 2015	47.025
December 06, 2015	47.025
December 07, 2015	47.025
December 08, 2015	47.064
December 09, 2015	47.121
December 10, 2015	47.216
December 11, 2015	47.225
December 12, 2015	47.43
December 13, 2015	47.435
December 14, 2015	47.435
December 15, 2015	47.466
December 16, 2015	47.389
December 17, 2015	47.243
December 18, 2015	47.4605
December 19, 2015	47.302
December 20, 2015	47.286
December 21, 2015	47.286
December 22, 2015	47.35
December 23, 2015	47.182
December 24, 2015	47.215
December 25, 2015	47.145
December 26, 2015	47.22
December 27, 2015	47.184
December 28, 2015	47.184
December 29, 2015	47.0395
December 30, 2015	46.91
December 31, 2015	46.935
January 01, 2016	46.859
January 02, 2016	46.8315
January 03, 2016	46.862
January 04, 2016	46.862
January 05, 2016	47.1245
January 06, 2016	46.91
January 07, 2016	47.08
January 08, 2016	46.964
January 09, 2016	47.27
January 10, 2016	47.2655
January 11, 2016	47.2655
January 12, 2016	47.247
January 13, 2016	47.4435
January 14, 2016	47.36
January 15, 2016	47.865
January 16, 2016	47.86
January 17, 2016	47.835
January 18, 2016	47.835
January 19, 2016	47.785
January 20, 2016	47.636
January 21, 2016	47.865
January 22, 2016	47.825
January 23, 2016	47.703
January 24, 2016	47.735
January 25, 2016	47.735
January 26, 2016	48.015
January 27, 2016	47.951
January 28, 2016	47.935
January 29, 2016	47.6955
January 30, 2016	47.67
January 31, 2016	47.705
February 01, 2016	47.705
February 02, 2016	47.64
February 03, 2016	47.92
February 04, 2016	47.863
February 05, 2016	47.548
February 06, 2016	47.72
February 07, 2016	47.785
February 08, 2016	47.785
February 09, 2016	47.847
February 10, 2016	47.685
February 11, 2016	47.4365
February 12, 2016	47.533
February 13, 2016	47.498
February 14, 2016	47.5405
February 15, 2016	47.57
February 16, 2016	47.39
February 17, 2016	47.578
February 18, 2016	47.58
February 19, 2016	47.589
February 20, 2016	47.635
February 21, 2016	47.6765
February 22, 2016	47.6765
February 23, 2016	47.583
February 24, 2016	47.6505
February 25, 2016	47.659
February 26, 2016	47.6205
February 27, 2016	47.495
February 28, 2016	47.518
February 29, 2016	47.518
March 01, 2016	47.3855
March 02, 2016	47.1965
March 03, 2016	47.165
March 04, 2016	46.965
March 05, 2016	46.7
March 06, 2016	46.7495
March 07, 2016	46.7495
March 08, 2016	46.895
March 09, 2016	46.953
March 10, 2016	46.799
March 11, 2016	46.78
March 12, 2016	46.453
March 13, 2016	46.4695
March 14, 2016	46.4695
March 15, 2016	46.642
March 16, 2016	46.755
March 17, 2016	46.7655
March 18, 2016	46.1005
March 19, 2016	46.43
March 20, 2016	46.455
March 21, 2016	46.455
March 22, 2016	46.435
March 23, 2016	46.244
March 24, 2016	46.4245
March 25, 2016	46.38
March 26, 2016	46.425
March 27, 2016	46.4675
March 28, 2016	46.4675
March 29, 2016	45.875
March 30, 2016	46.228
March 31, 2016	45.878
April 01, 2016	45.9655
April 02, 2016	46.105
April 03, 2016	46.0965
April 04, 2016	46.0965
April 05, 2016	46.195
April 06, 2016	46.3935
April 07, 2016	46.2
April 08, 2016	46.281
April 09, 2016	46.175
April 10, 2016	46.095
April 11, 2016	46.1025
April 12, 2016	46.1145
April 13, 2016	46.0655
April 14, 2016	46.065
April 15, 2016	46.133
April 16, 2016	46.107
April 17, 2016	46.145
April 18, 2016	46.145
April 19, 2016	46.168
April 20, 2016	46.103
April 21, 2016	46.3035
April 22, 2016	46.53
April 23, 2016	46.7435
April 24, 2016	46.75
April 25, 2016	46.75
April 26, 2016	46.913
April 27, 2016	46.8225
April 28, 2016	46.89
April 29, 2016	46.875
April 30, 2016	46.965
May 01, 2016	47.066
May 02, 2016	47.066
May 03, 2016	47.06
May 04, 2016	47.045
May 05, 2016	47.275
May 06, 2016	47.37
May 07, 2016	47.06
May 08, 2016	47.095
May 09, 2016	47.095
May 10, 2016	47.313
May 11, 2016	46.74
May 12, 2016	46.485
May 13, 2016	46.543
May 14, 2016	46.645
May 15, 2016	46.685
May 16, 2016	46.685
May 17, 2016	46.46
May 18, 2016	46.3845
May 19, 2016	46.585
May 20, 2016	46.81
May 21, 2016	46.708
May 22, 2016	46.77
May 23, 2016	46.791
May 24, 2016	46.715
May 25, 2016	46.7265
May 26, 2016	46.7375
May 27, 2016	46.625
May 28, 2016	46.6835
May 29, 2016	46.714
May 30, 2016	46.714
May 31, 2016	46.7905
June 01, 2016	46.735
June 02, 2016	46.635
June 03, 2016	46.5585
June 04, 2016	46.26
June 05, 2016	46.265
June 06, 2016	46.265
June 07, 2016	46.145
June 08, 2016	46
June 09, 2016	45.853
June 10, 2016	45.9735
June 11, 2016	46.138
June 12, 2016	46.035
June 13, 2016	46.035
June 14, 2016	46.165
June 15, 2016	46.265
June 16, 2016	46.368
June 17, 2016	46.415
June 18, 2016	46.413
June 19, 2016	46.435
June 20, 2016	46.436
June 21, 2016	46.32
June 22, 2016	46.308
June 23, 2016	46.425
June 24, 2016	46.425
June 25, 2016	46.9425
June 26, 2016	46.982
June 27, 2016	46.982
June 28, 2016	47.32
June 29, 2016	47.129
June 30, 2016	46.934
July 01, 2016	47.145
July 02, 2016	47.012
July 03, 2016	46.9735
July 04, 2016	46.9735
July 05, 2016	46.8365
July 06, 2016	47.045
July 07, 2016	47.115
July 08, 2016	47.15
July 09, 2016	47.105
July 10, 2016	47.159
July 11, 2016	47.159
July 12, 2016	47.375
July 13, 2016	47.1575
July 14, 2016	47.24
July 15, 2016	46.884
July 16, 2016	46.7965
July 17, 2016	46.806
July 18, 2016	46.806
July 19, 2016	46.7655
July 20, 2016	46.95
July 21, 2016	47.14
July 22, 2016	47.12
July 23, 2016	47.144
July 24, 2016	47.09
July 25, 2016	47.09
July 26, 2016	47.125
July 27, 2016	47.1995
July 28, 2016	47.2915
July 29, 2016	47.1185
July 30, 2016	47.0665
July 31, 2016	47.0255
August 01, 2016	47.0255
August 02, 2016	47.0055
August 03, 2016	47.0555
August 04, 2016	47.0485
August 05, 2016	47.0395
August 06, 2016	46.99
August 07, 2016	46.974
August 08, 2016	46.974
August 09, 2016	46.952
August 10, 2016	46.9075
August 11, 2016	46.621
August 12, 2016	46.669
August 13, 2016	46.5935
August 14, 2016	46.593
August 15, 2016	46.593
August 16, 2016	46.3155
August 17, 2016	46.25
August 18, 2016	46.468
August 19, 2016	46.3
August 20, 2016	46.4155
August 21, 2016	46.375
August 22, 2016	46.388
August 23, 2016	46.511
August 24, 2016	46.388
August 25, 2016	46.35
August 26, 2016	46.36
August 27, 2016	46.417
August 28, 2016	46.355
August 29, 2016	46.355
August 30, 2016	46.365
August 31, 2016	46.549
September 01, 2016	46.66
September 02, 2016	46.62
September 03, 2016	46.5695
September 04, 2016	46.555
September 05, 2016	46.62
September 06, 2016	46.5385
September 07, 2016	46.4585
September 08, 2016	46.6945
September 09, 2016	47.095
September 10, 2016	47.44
September 11, 2016	47.425
September 12, 2016	47.512
September 13, 2016	47.808
September 14, 2016	47.836
September 15, 2016	47.403
September 16, 2016	47.7025
September 17, 2016	47.965
September 18, 2016	47.97
September 19, 2016	47.934
September 20, 2016	48.0055
September 21, 2016	47.815
September 22, 2016	47.75
September 23, 2016	47.8425
September 24, 2016	48.18
September 25, 2016	48.116
September 26, 2016	48.116
September 27, 2016	48.395
September 28, 2016	48.365
September 29, 2016	48.214
September 30, 2016	48.29
October 01, 2016	48.2915
October 02, 2016	48.4
October 03, 2016	48.283
October 04, 2016	48.2175
October 05, 2016	48.32
October 06, 2016	48.283
October 07, 2016	48.27
October 08, 2016	48.311
October 09, 2016	48.318
October 10, 2016	48.443
October 11, 2016	48.801
October 12, 2016	48.5
October 13, 2016	48.395
October 14, 2016	48.32
October 15, 2016	48.436
October 16, 2016	48.353
October 17, 2016	48.515
October 18, 2016	48.1
October 19, 2016	47.945
October 20, 2016	48.14
October 21, 2016	48.27
October 22, 2016	48.315
October 23, 2016	48.315
October 24, 2016	48.247
October 25, 2016	48.2265
October 26, 2016	48.4455
October 27, 2016	48.54
October 28, 2016	48.471
October 29, 2016	48.57
October 30, 2016	48.49
October 31, 2016	48.446
November 01, 2016	48.38
November 02, 2016	48.314
November 03, 2016	48.4
November 04, 2016	48.52
November 05, 2016	48.545
November 06, 2016	48.555
November 07, 2016	48.692
November 08, 2016	48.554
November 09, 2016	48.935
November 10, 2016	49.066
November 11, 2016	49.038
November 12, 2016	48.8495
November 13, 2016	48.865
November 14, 2016	49.19
November 15, 2016	49.235
November 16, 2016	49.407
November 17, 2016	49.62
November 18, 2016	49.65
November 19, 2016	49.7315
November 20, 2016	49.665
November 21, 2016	49.815
November 22, 2016	49.716
November 23, 2016	49.945
November 24, 2016	49.907
November 25, 2016	49.855
November 26, 2016	49.8635
November 27, 2016	49.855
November 28, 2016	49.762
November 29, 2016	49.805
November 30, 2016	49.895
December 01, 2016	49.716
December 02, 2016	49.624
December 03, 2016	49.623
December 04, 2016	49.62
December 05, 2016	49.605
December 06, 2016	49.5655
December 07, 2016	49.61
December 08, 2016	49.737
December 09, 2016	49.91
December 10, 2016	49.892
December 11, 2016	49.915
December 12, 2016	49.719
December 13, 2016	49.813
December 14, 2016	49.594
December 15, 2016	50.015
December 16, 2016	49.8545
December 17, 2016	50.041
December 18, 2016	50.041
December 19, 2016	49.978
December 20, 2016	49.9435
December 21, 2016	49.899
December 22, 2016	49.8415
December 23, 2016	49.787
December 24, 2016	49.777
December 25, 2016	49.777
December 26, 2016	49.669
December 27, 2016	49.742
December 28, 2016	49.7905
December 29, 2016	49.552
December 30, 2016	49.535
December 31, 2016	49.606
January 01, 2017	49.606
January 02, 2017	49.124
January 03, 2017	49.773
January 04, 2017	49.5845
January 05, 2017	49.29
January 06, 2017	49.5075
January 07, 2017	49.525
January 08, 2017	49.563
January 09, 2017	49.5175
January 10, 2017	49.5985
January 11, 2017	49.714
January 12, 2017	49.614
January 13, 2017	49.822
January 14, 2017	49.818
January 15, 2017	49.822
January 16, 2017	50.01
January 17, 2017	49.8
January 18, 2017	49.89
January 19, 2017	50.006
January 20, 2017	49.9195
January 21, 2017	49.931
January 22, 2017	49.995
January 23, 2017	49.9195
January 24, 2017	49.7645
January 25, 2017	49.626
January 26, 2017	49.8095
January 27, 2017	49.824
January 28, 2017	49.795
January 29, 2017	49.779
January 30, 2017	49.7255
January 31, 2017	49.7
February 01, 2017	49.848
February 02, 2017	49.718
February 03, 2017	49.644
February 04, 2017	49.699
February 05, 2017	49.648
February 06, 2017	49.5595
February 07, 2017	49.772
February 08, 2017	49.876
February 09, 2017	49.974
February 10, 2017	49.953
February 11, 2017	49.947
February 12, 2017	49.915
February 13, 2017	49.976
February 14, 2017	49.956
February 15, 2017	49.924
February 16, 2017	50.036
February 17, 2017	50.081
February 18, 2017	50.039
February 19, 2017	50.112
February 20, 2017	50.418
February 21, 2017	50.2865
February 22, 2017	50.1945
February 23, 2017	50.0635
February 24, 2017	50.1815
February 25, 2017	50.169
February 26, 2017	50.169
February 27, 2017	50.18
February 28, 2017	50.169
March 01, 2017	50.2975
March 02, 2017	50.415
March 03, 2017	50.284
March 04, 2017	50.2565
March 05, 2017	49.9905
March 06, 2017	50.2965
March 07, 2017	50.306
March 08, 2017	50.429
March 09, 2017	50.294
March 10, 2017	50.225
March 11, 2017	50.259
March 12, 2017	50.263
March 13, 2017	50.277
March 14, 2017	50.333
March 15, 2017	50.239
March 16, 2017	50.033
March 17, 2017	50.186
March 18, 2017	50.21
March 19, 2017	50.186
March 20, 2017	50.094
March 21, 2017	50.14
March 22, 2017	50.239
March 23, 2017	50.346
March 24, 2017	50.179
March 25, 2017	50.186
March 26, 2017	50.186
March 27, 2017	50.123
March 28, 2017	50.146
March 29, 2017	50.146
March 30, 2017	50.156
March 31, 2017	50.185
April 02, 2017	50.174
April 03, 2017	50.156
April 04, 2017	50.185
April 05, 2017	50.205
April 06, 2017	50.19
April 07, 2017	49.735
April 08, 2017	50.0695
April 09, 2017	50.0695
April 10, 2017	49.565
April 11, 2017	49.656
April 12, 2017	49.506
April 13, 2017	49.425
April 14, 2017	49.444
April 15, 2017	49.49
April 16, 2017	49.444
April 17, 2017	49.485
April 18, 2017	49.686
April 19, 2017	49.776
April 20, 2017	49.766
April 21, 2017	49.836
April 22, 2017	49.845
April 23, 2017	49.849
April 24, 2017	49.791
April 25, 2017	49.686
April 26, 2017	49.885
April 27, 2017	50.0765
April 28, 2017	50.146
April 29, 2017	50.212
April 30, 2017	50.214
May 01, 2017	50.151
May 02, 2017	50.03
May 04, 2017	49.95
May 05, 2017	49.859
May 06, 2017	49.844
May 07, 2017	49.844
May 08, 2017	49.926
May 09, 2017	49.975
May 10, 2017	49.935
May 11, 2017	49.805
May 12, 2017	49.71
May 13, 2017	49.676
May 14, 2017	49.707
May 15, 2017	49.615
May 16, 2017	49.66
May 17, 2017	49.75
May 18, 2017	50
May 20, 2017	49.645
May 21, 2017	49.692
May 22, 2017	49.707
May 23, 2017	49.887
May 24, 2017	49.97
May 25, 2017	49.915
May 26, 2017	49.858
May 27, 2017	49.759
May 28, 2017	49.759
May 29, 2017	49.746
May 30, 2017	49.786
May 31, 2017	49.785
June 01, 2017	49.695
June 02, 2017	49.345
June 03, 2017	49.627
June 04, 2017	49.627
June 05, 2017	49.3745
June 06, 2017	49.475
June 07, 2017	49.5525
June 08, 2017	49.531
June 09, 2017	49.491
June 10, 2017	49.536
June 11, 2017	49.506
June 12, 2017	49.585
June 13, 2017	49.52
June 14, 2017	49.4
June 15, 2017	49.865
June 16, 2017	49.89
June 17, 2017	49.86
June 18, 2017	49.86
June 19, 2017	50.045
June 20, 2017	50.226
June 21, 2017	50.276
June 22, 2017	50.316
June 23, 2017	50.105
June 24, 2017	50.11
June 25, 2017	50.11
June 26, 2017	50.175
June 27, 2017	50.3625
June 28, 2017	50.445
June 29, 2017	50.585
June 30, 2017	50.431
July 01, 2017	50.396
July 02, 2017	50.396
July 03, 2017	50.555
July 04, 2017	50.55
July 05, 2017	50.605
July 06, 2017	50.635
July 07, 2017	50.595
July 08, 2017	50.5705
July 09, 2017	50.628
July 10, 2017	50.84
July 11, 2017	50.724
July 12, 2017	50.5
July 13, 2017	50.59
July 14, 2017	50.546
July 15, 2017	50.6355
July 16, 2017	50.6355
July 17, 2017	50.715
July 18, 2017	50.745
July 19, 2017	50.765
July 20, 2017	50.595
July 21, 2017	50.672
July 22, 2017	50.672
July 23, 2017	50.672
July 24, 2017	50.725
July 25, 2017	50.676
July 26, 2017	50.6
July 27, 2017	50.5455
July 28, 2017	50.561
July 29, 2017	50.548
July 30, 2017	50.548
July 31, 2017	50.466
August 01, 2017	50.352
August 02, 2017	50.3
August 03, 2017	50.248
August 04, 2017	50.335
August 05, 2017	50.3285
August 06, 2017	50.342
August 07, 2017	50.436
August 08, 2017	49.69
August 09, 2017	49.77
August 10, 2017	49.98
August 11, 2017	51.02
August 12, 2017	51.003
August 13, 2017	51.003
August 14, 2017	51.1985
August 15, 2017	51.438
August 16, 2017	51.335
August 17, 2017	51.365
August 18, 2017	51.3915
August 19, 2017	51.4285
August 20, 2017	51.393
August 21, 2017	51.357
August 23, 2017	51.125
August 24, 2017	50.985
August 25, 2017	51.028
August 26, 2017	51.1165
August 27, 2017	51.019
August 28, 2017	50.933
August 29, 2017	51.085
August 30, 2017	51.175
August 31, 2017	51.125
September 01, 2017	51.06
September 02, 2017	51.0685
September 03, 2017	51.055
September 04, 2017	51.135
September 05, 2017	51.065
September 06, 2017	50.97
September 07, 2017	50.685
September 08, 2017	50.858
September 09, 2017	50.8555
September 10, 2017	50.827
September 11, 2017	50.918
September 12, 2017	50.985
September 13, 2017	51.064
September 14, 2017	51.255
September 15, 2017	51.2865
September 16, 2017	51.289
September 17, 2017	51.294
September 18, 2017	51.235
September 19, 2017	50.982
September 20, 2017	50.84
September 21, 2017	50.993
September 22, 2017	50.625
September 23, 2017	50.6845
September 24, 2017	50.584
September 25, 2017	50.765
September 26, 2017	50.9115
September 27, 2017	50.975
September 28, 2017	50.8555
September 29, 2017	50.9
September 30, 2017	51.215
October 01, 2017	50.888
October 02, 2017	51.2405
October 03, 2017	51.1025
October 04, 2017	51.03
October 05, 2017	51.12
October 06, 2017	51.2105
October 07, 2017	51.224
October 08, 2017	51.224
October 09, 2017	51.251
October 10, 2017	51.496
October 11, 2017	51.4205
October 12, 2017	51.395
October 14, 2017	51.157
October 15, 2017	51.288
October 16, 2017	51.2355
October 17, 2017	51.356
October 18, 2017	51.409
October 19, 2017	51.4085
October 20, 2017	51.529
October 21, 2017	51.493
October 22, 2017	51.542
October 23, 2017	51.486
October 24, 2017	51.82
October 25, 2017	51.8295
October 26, 2017	51.891
October 27, 2017	51.589
October 28, 2017	51.599
October 29, 2017	51.678
October 30, 2017	51.636
October 31, 2017	51.599
November 01, 2017	51.4955
November 02, 2017	51.395
November 03, 2017	51.279
November 04, 2017	51.267
November 05, 2017	51.282
November 06, 2017	51.101
November 07, 2017	51.447
November 08, 2017	51.234
November 09, 2017	51.2435
November 10, 2017	51.245
November 11, 2017	51.1335
November 12, 2017	51.1335
November 13, 2017	51.1935
November 14, 2017	51.126
November 15, 2017	50.845
November 16, 2017	50.723
November 17, 2017	50.8565
November 18, 2017	50.82
November 19, 2017	50.831
November 20, 2017	50.785
November 21, 2017	50.534
November 22, 2017	50.539
November 23, 2017	50.5235
November 24, 2017	50.637
November 25, 2017	50.634
November 26, 2017	50.634
November 27, 2017	50.352
November 28, 2017	50.283
November 29, 2017	50.3015
November 30, 2017	50.385
December 01, 2017	50.31
December 02, 2017	50.258
December 03, 2017	50.29
December 04, 2017	50.6965
December 05, 2017	50.682
December 06, 2017	50.721
December 07, 2017	50.642
December 08, 2017	50.462
December 09, 2017	50.491
December 11, 2017	50.364
December 12, 2017	50.443
December 13, 2017	50.354
December 14, 2017	50.5595
December 15, 2017	50.439
December 16, 2017	50.45
December 17, 2017	50.438
December 18, 2017	50.378
December 19, 2017	50.295
December 20, 2017	50.125
December 21, 2017	50.1915
December 22, 2017	50.022
December 23, 2017	50.1
December 24, 2017	50.1
December 25, 2017	49.9285
December 26, 2017	49.923
December 27, 2017	49.87
December 28, 2017	49.88
December 29, 2017	49.9605
December 30, 2017	49.987
December 31, 2017	49.964
January 01, 2018	50.0235
January 02, 2018	49.8505
January 03, 2018	49.8335
January 04, 2018	49.862
January 05, 2018	49.793
January 06, 2018	49.7805
January 07, 2018	49.807
January 08, 2018	50.187
January 09, 2018	50.357
January 10, 2018	50.568
January 11, 2018	50.3605
January 12, 2018	50.412
January 13, 2018	50.429
January 14, 2018	50.429
January 15, 2018	50.388
January 16, 2018	50.6445
January 17, 2018	50.739
January 18, 2018	50.769
January 19, 2018	50.768
January 20, 2018	50.71
January 21, 2018	50.71
January 22, 2018	50.9675
January 23, 2018	51.075
January 24, 2018	50.863
January 25, 2018	50.893
January 26, 2018	50.939
January 27, 2018	50.98
January 28, 2018	50.98
January 29, 2018	51.41
January 30, 2018	51.4985
January 31, 2018	51.4015
February 01, 2018	51.615
February 02, 2018	51.5625
February 03, 2018	51.4725
February 04, 2018	51.4725
February 05, 2018	51.523
February 06, 2018	51.451
February 07, 2018	51.202
February 08, 2018	51.725
February 09, 2018	51.6645
February 10, 2018	51.66
February 11, 2018	51.66
February 12, 2018	51.977
February 13, 2018	52.024
